⎡  0.973775  0.562419  0.249637   0.74192  0.153549  0.302328  0.543012  0.570306   0.67331  0.738569  0.719803 0.0548589  0.572373 0.041235  0.777294  0.333387   0.445764 0.0617926   0.637788  0.0875799  0.670066  0.672706  0.658189   0.932363 0.0637235  0.123671   0.088856  0.728336  0.668361  0.939155  0.963491   0.169522 0.831308 0.642269 0.0243747 0.298532 0.613017 0.0633761  0.99488 0.294898 0.991504 0.0606285 0.322136 0.0368413   0.03356 0.722328 0.221841  0.71386 0.299571 0.0255178 ⎤
⎢ 0.0345806  0.607422  0.960043  0.369528  0.855651  0.491787  0.783387  0.379081  0.460698  0.155456   0.22967  0.580707 0.0740368  0.98117 0.0226316 0.0849594  0.0972295  0.383515   0.777947   0.395447  0.363851  0.376415  0.650612   0.733912   0.70081  0.620378   0.145653  0.276788  0.432473  0.919806  0.666163   0.631371 0.181967   0.8941  0.987865 0.831535 0.979848  0.596869 0.495213 0.239426 0.531509  0.623034 0.891216   0.34472  0.435342 0.586879 0.890105  0.28097 0.671888  0.360767 ⎥
⎢  0.575615  0.829281  0.726479   0.73504  0.237602  0.876509  0.554052  0.226177   0.12467  0.494153  0.201129  0.167038 0.0831456 0.940124  0.375612  0.580664   0.891478  0.100335   0.758421   0.649373  0.231854  0.702061  0.967691   0.646381   0.25037  0.700495   0.745045  0.343274  0.514783  0.349722  0.084927    0.31645  2.23008 0.910378     1.161 0.972285  1.29901   0.41533 0.973841  1.61332  1.00728   0.89298 0.765635  0.476591   1.44195  1.31578  1.68813  1.18158  1.18902   1.87412 ⎥
⎢  0.121789  0.358108  0.409088   0.22448  0.218699  0.834422  0.153237  0.938262  0.825682  0.501487  0.277176  0.107586 0.0779755 0.546231  0.533363  0.496427  0.0353405  0.591293   0.317213   0.359925  0.202234  0.565927 0.0172179   0.790472  0.999105 0.0501086   0.319479   0.35968  0.670424  0.596909  0.153387     0.1544  6.20317 0.335526   3.68583  1.74259  4.60531  0.442155   4.4109  5.27083  2.79748   1.64518 0.924006    2.1364   4.56705  6.22654  4.85076  4.39281  5.69602   5.22956 ⎥
⎢   0.66295  0.119056  0.631373  0.862796  0.596857  0.147953  0.484896  0.499141    0.2869  0.826397  0.556665  0.735996  0.919752 0.865368  0.380488  0.417479   0.664347  0.178948   0.572147   0.450438  0.850666  0.875095  0.916645   0.530853  0.847133  0.810998   0.874099  0.820769  0.704618  0.907512  0.866402   0.867477  9.08963 0.908136   5.50869  1.22647  6.28637  0.362133  5.98208  7.89893  3.42554   3.00183  1.28422   2.78446   6.69133  8.49596  6.79592  6.81036  8.13323   7.38689 ⎥
⎢ 0.0296542  0.657965  0.664203  0.878724  0.822249  0.747304 0.0654234  0.371404  0.546853  0.548721  0.591818  0.595057   0.29522 0.889102  0.391356  0.362041   0.700177 0.0708391   0.399021   0.879314  0.822889  0.378638  0.322342   0.928791  0.570899  0.209575 0.00749191  0.824239  0.850084  0.712428  0.538292   0.906768  2.77949   1.0281   2.12684 0.875178  2.27892  0.988353  1.80119  2.27781 0.762077  0.533534 0.440071   1.11122   2.12704   2.1105  2.11989   1.8795  2.55038   2.26163 ⎥
⎢  0.613749 0.0681021  0.623747  0.430741  0.444429  0.753864  0.154964  0.139075  0.373166  0.259835 0.0688341  0.932515  0.821072  0.19501  0.713174  0.967337   0.368156  0.714145   0.585296   0.516961 0.0537681  0.776613  0.450667   0.418549  0.253288  0.198342   0.607462  0.297942  0.406251  0.241154  0.561879   0.631131 0.486651 0.518725  0.220294 0.804229 0.908064   0.57659 0.783565 0.148535 0.993506  0.911634  0.38174    0.7208 0.0274053 0.420138 0.218172 0.139323 0.680783  0.037516 ⎥
⎢  0.806971  0.194952   0.27222  0.373146  0.948006  0.100093  0.389485  0.450056  0.121476  0.755893  0.520605  0.963565  0.529398 0.529484  0.144176  0.506742   0.475952 0.0438217   0.710757    0.23405  0.541999  0.559762  0.308797   0.661235  0.266355  0.998407   0.845484  0.999839  0.803554  0.571147  0.164123   0.796352  1.43814 0.968723  0.726565 0.367869  0.95191  0.740093  0.40046  0.64349  1.09489  0.990938 0.356356  0.562468   1.04479 0.778441 0.528384 0.855841   1.3838  0.531538 ⎥
⎢  0.305862  0.664678  0.726299  0.192581  0.614812  0.783102  0.228303  0.103945  0.446032  0.248443 0.0844427  0.173947  0.143296 0.696761  0.470709  0.982203   0.170744 0.0318737   0.879446   0.456757  0.103562 0.0994462  0.590325   0.473323  0.264469  0.146476   0.935782  0.270703 0.0543879  0.689177   0.66104   0.247779  9.16087 0.783265   5.65067  1.18867  6.05706  0.629145  5.45784  7.12094  2.83917   2.04194  1.20967   1.97073   6.15532   8.2741  6.56751  6.47732  8.22649   6.66503 ⎥
⎢  0.221593  0.375679  0.945614   0.48343  0.238379  0.667192  0.682917  0.934884  0.491929  0.416906  0.924211  0.469356   0.59426 0.941584  0.200233 0.0963056  0.0697537  0.541158   0.193871 0.00824171  0.735318  0.316447 0.0193306   0.325695  0.592926  0.560671   0.184037  0.875431  0.110901  0.513613    0.3508   0.881617  38.4186  1.39307   22.8569  5.41784  25.9485    1.7067  23.9905  32.4166  12.2471   8.72519  2.17678   9.88654   26.6131  35.2182  28.7086   26.896  34.3518   28.5476 ⎥
⎢ 0.0418579 0.0563231 0.0304197  0.331342 0.0409192  0.868018 0.0955107  0.315849 0.0732192  0.659825  0.409805  0.560477  0.119721  0.88235  0.367353  0.332806   0.237131 0.0404229   0.310487   0.579613   0.39188  0.416247  0.619594  0.0323854  0.902952  0.822429   0.157686   0.87584  0.916903 0.0457095  0.605552   0.919511  74.4589  2.68057   43.8024  9.77683  50.9842   2.25495  46.8173  61.4225  24.0543   17.2547  3.33348   17.7867   52.3527  68.1651  55.1996   52.285  66.5554   55.3741 ⎥
⎢  0.232277  0.386139 0.0765586  0.242264  0.218879 0.0984917  0.708595  0.298982 0.0604116  0.171299  0.895995  0.623398  0.313089 0.904255  0.912531  0.560621   0.275377  0.895401  0.0799056   0.810279  0.507721 0.0409184  0.376332   0.896893   0.43379  0.519476   0.981028  0.774613  0.611269   0.12976  0.531968   0.801428  77.0711  3.33998   46.0656  9.59477  52.3209   2.96695  49.0952  63.9864  24.8524   18.3766  3.80262   18.3378   53.7167  70.3534  57.4621  54.3679  68.4486   57.3777 ⎥
⎢  0.677766  0.463406  0.536079  0.234346 0.0990859  0.507516 0.0189564   0.57147  0.396308 0.0101727  0.604377  0.674558  0.589875 0.291281  0.117644  0.530587    0.84114  0.706296   0.425756   0.580492  0.866015  0.383265   0.48248 0.00436505  0.905103  0.561367   0.828798  0.717647  0.815245 0.0620384  0.364405   0.296282  41.3553  2.11995    24.537  5.37449  28.6338   2.22091  26.4944  34.6947  13.5313   10.1809  1.88882   10.5962   29.1253  38.5814  30.8229  29.1828  36.8511   31.1329 ⎥
⎢  0.890335  0.880041  0.448738  0.500096   0.90956  0.689076  0.488895  0.351761  0.427858  0.116355  0.274576  0.564161  0.617813 0.129813  0.673334  0.464047    0.44308  0.145225   0.333808   0.842786   0.58474  0.476952  0.662402   0.768041  0.428181  0.474161   0.590911  0.924454 0.0842602  0.577496  0.346507   0.340523   4.6356 0.161837   2.54943  1.04025  3.08496  0.506755  3.42705  4.47326  1.47664    1.0816 0.469034   1.28548   3.67216  3.93878  3.96873  3.93916  4.20488    4.1214 ⎥
⎢  0.725686  0.104286  0.236913  0.993026   0.11896  0.985516  0.542653  0.297581  0.330518  0.401524  0.314667  0.860402  0.935799 0.846697  0.500096  0.810743   0.517756  0.642997   0.599842   0.109218  0.719856  0.568477  0.735066   0.298895  0.766448  0.933933    0.12914   0.75836  0.749365  0.264257  0.669276  0.0763581  2.55519 0.578726   1.64617 0.581191    1.509   0.41931  1.70493  1.87098  1.40359  0.458743 0.222049  0.512684   1.18066  1.59039  2.02165  1.95771  2.03441   1.31225 ⎥
⎢  0.683103  0.808597 0.0766187  0.452807  0.662301  0.109159  0.247634  0.448406  0.938846  0.102073  0.652728  0.690568  0.802788 0.895576  0.566551   0.79701   0.409825  0.680075  0.0549071   0.872935  0.430442  0.222541  0.888599   0.376152  0.214086  0.191784   0.648834  0.839397  0.896431  0.767495  0.815963    0.74873  20.3046 0.954377   12.1501  2.95616  13.8203  0.756889  13.1535  17.2081  6.45263   4.68493  1.07273   5.20867    14.216  18.9373   14.995  14.3193  18.6117     15.22 ⎥
⎢  0.866142  0.151904  0.362157 0.0366107  0.297504   0.43249 0.0580417 0.0257817  0.697923  0.442628  0.876948  0.804442  0.975105 0.574024  0.946983  0.476355   0.647934  0.434359  0.0691567   0.885586  0.098797  0.864888  0.740053   0.879593  0.192014   0.22473   0.650833  0.341269  0.352829  0.709835    0.7211   0.239653  70.9308  3.21353   42.4066  9.51636  48.3181   2.62167  44.7554  58.1537  22.5625   16.2812  3.22894   17.1352   49.6486  64.4383  52.4605  49.3423  63.2228   52.8293 ⎥
⎢  0.723887  0.687806  0.983838  0.346255  0.875677  0.683685  0.876103  0.188059  0.801849 0.0786878  0.361767  0.626759  0.269622 0.872419  0.343773  0.807162 0.00467056  0.806611   0.612563   0.881227  0.541774  0.413117  0.245844   0.536747  0.231445  0.461107   0.050911  0.912885  0.764628  0.445892  0.934585   0.497067   84.619  3.24811   50.3817  10.7959  57.8523   3.07046  53.8003  70.2536  26.7231   19.8747  4.19846   20.7372   58.7296  77.5801  63.0797  59.2321  75.3456   62.6035 ⎥
⎢  0.819228  0.425071  0.725942  0.540085 0.0419851  0.718097  0.392121  0.609066   0.80173   0.31388  0.350675 0.0690189  0.691501 0.496572  0.927046  0.987804   0.368824  0.459501    0.89271   0.606526  0.223661 0.0459723   0.99231   0.919902  0.138967  0.497949   0.950586 0.0295819  0.888239  0.641367  0.915471 0.00377501  82.9799  2.95669   48.5976  10.3803  56.4905   3.17875  52.4141  68.6213    26.13   19.3323  3.87937    20.038   57.7471  75.1223  61.7131  57.7591  73.8134   61.4272 ⎥
⎢   0.62254   0.48761  0.346228 0.0490144  0.364124 0.0942919  0.109141  0.481179  0.282591  0.474317  0.258003   0.64247  0.925152  0.73473  0.766198  0.527176   0.861932  0.750909   0.517037   0.298007 0.0986113  0.724271  0.559657    0.38555  0.505988  0.602959   0.344242  0.210701  0.531459  0.553201  0.623365   0.937849  49.5022  2.28273   29.7997  6.51243  34.2597     1.626  31.3475  41.6474    15.83   12.2423  3.10486   12.6734   34.6266  45.9188  37.1715  35.3467  44.8492   37.1215 ⎥
⎢  0.725666  0.620684  0.860939  0.289772  0.352674  0.975789  0.784163  0.887831  0.468258   0.47017  0.373095  0.720628  0.376476 0.213356  0.686409  0.883098   0.899772  0.699103   0.541429    0.90099  0.709516  0.606732  0.714778    0.25082  0.385812  0.814772   0.159464  0.928076  0.594998  0.546212  0.570729   0.547766  5.14037 0.269757   3.52748  1.32607  3.60974  0.555029  3.66202  4.17703  2.33745   1.73265 0.494639   1.95505   3.58841  5.08134  4.11511  3.82894  4.63621   4.53199 ⎥
⎢  0.851026 0.0616704  0.419358  0.698887  0.507125  0.629871  0.502782  0.405643  0.329622  0.188033   0.45723  0.944588  0.984803 0.214752 0.0855434  0.863996   0.630847  0.433065   0.423357   0.918008  0.119536  0.721807   0.51802   0.351635  0.956127   0.36706   0.479193  0.646222  0.214643  0.327511  0.410716   0.140037  1.46595 0.986903  0.713963 0.771407  1.05593  0.971172 0.756547  1.02294 0.344915   1.00194 0.514972  0.209169  0.739023 0.898698 0.526644 0.928273  1.16706  0.963588 ⎥
⎢ 0.0593277  0.440304  0.932685  0.335366   0.62876  0.844394   0.50264  0.555941  0.737207  0.898016  0.266388  0.837071  0.872608 0.991069   0.41612  0.545813    0.40225  0.905783   0.167876    0.77345  0.916368  0.426424  0.521697   0.246636  0.535989  0.148732    0.75042  0.815842  0.259152  0.574021  0.983065   0.577998  27.8876  1.48665   16.8648  3.80309  18.9739   1.24481  17.6161  23.2985  8.77428    6.4692  1.20274   7.31502   19.4497  25.3489  20.1094  19.2326  24.4091   20.8532 ⎥
⎢  0.435611  0.731585  0.128036  0.218104  0.736362  0.340432  0.949514  0.864134  0.775278  0.217929  0.743639  0.789165  0.744662 0.564085   0.16671  0.289024   0.841862  0.579778 0.00939643    0.97778 0.0852231  0.570326  0.043268   0.655967  0.447306  0.763587   0.631357  0.198504  0.921301  0.632578 0.0638528    0.15902  71.1894  2.55948   42.6005  9.38416  48.4323   2.92663  44.9173  59.2912   22.723   16.4515  3.82773    17.448    49.705  65.2008  53.6879  50.2998  63.2962   53.7822 ⎥
⎢  0.893004  0.255341  0.566006  0.503477 0.0925292  0.360566  0.439524  0.915014  0.656474  0.890315 0.0500571  0.183877 0.0458128 0.092299   0.78955  0.032385   0.498809  0.897585   0.595386   0.669274   0.37652  0.811543  0.141724   0.727804  0.169249  0.962697   0.100526  0.717944  0.767745  0.174589  0.284422   0.368594  82.9016  3.24675   49.1396  10.6623  56.8794   2.72589  52.6129  69.0636  26.1679   19.4126   4.4076   20.2896   58.2689  76.3388  61.9052   58.576    74.52   62.1505 ⎥
⎢  0.946754  0.957722 0.0391497  0.197244  0.199426  0.241821 0.0457227  0.902527  0.109351  0.149108  0.321129   0.16101  0.587131 0.478439  0.704353  0.380838    0.97091  0.296116   0.722753   0.740368  0.844659  0.918729  0.275961   0.409055  0.205575 0.0826972   0.149363 0.0764451  0.106535  0.518375 0.0642748  0.0178109  85.7619  3.80563   51.3147  11.2202   58.611   3.42349   54.089  71.0018  27.6092   20.2568  4.39237   20.7247   59.4927   78.725  64.1321  60.3254  76.1249   63.6676 ⎥
⎢  0.648411  0.118066  0.509916 0.0671246  0.682334 0.0338611  0.528514   0.58777 0.0387207  0.450915  0.858763  0.369031  0.656796  0.80947  0.541059  0.528856    0.53095  0.295879   0.988145  0.0854169  0.569242  0.348954   0.78952   0.273355 0.0290514  0.155633   0.750388  0.506234  0.866516  0.765788  0.227247   0.278836  41.8305  2.09338   24.2819  5.30235   28.008   1.98436   26.345   34.724  13.7564   10.2905  2.75904   10.6845   29.0843  37.9482  31.5092  29.1098  36.6336    31.332 ⎥
⎢  0.415244  0.831916     0.294  0.972829  0.812681 0.0615451  0.641259  0.384663  0.161344  0.345639  0.719695  0.187322  0.860828 0.332104  0.466759  0.171667   0.383654  0.251137   0.776361    0.11835  0.279329  0.232689  0.115577   0.999751  0.674178  0.911866   0.357443  0.790199  0.209101   0.84213  0.387336    0.67703  3.16326 0.354904   2.13838  1.21934   1.7998  0.154304  2.28039  2.58203  1.28791  0.750928 0.232059   1.55872    2.4004  2.32104  2.43913  2.05663  3.02231   2.68148 ⎥
⎢  0.953938  0.992247  0.323331  0.710612  0.868629  0.677633  0.312939  0.902213  0.257047  0.132599  0.673302  0.389636 0.0256025 0.980638  0.100044   0.52185   0.599103  0.427282   0.301402   0.830528   0.95466  0.393898  0.255312   0.389991  0.627671  0.536864   0.095342  0.116638  0.390971  0.953504 0.0302654    0.44111  1.81433 0.872444   1.61479 0.387349  1.06823  0.704442   1.3971  2.05291  1.39967    1.0454 0.376945   1.10724   1.04401  1.33198  1.29208   1.4963  1.44901   1.23923 ⎥
⎣  0.415965  0.345499   0.79578  0.945944 0.0836676  0.451946  0.451955  0.181044  0.604084  0.385947  0.330283   0.05756   0.70014 0.699395  0.252163  0.788715   0.213626  0.373205   0.805966   0.976883  0.770059   0.44952  0.989519   0.836968 0.0511409  0.211952   0.140551 0.0263386 0.0348462  0.821147  0.134233   0.290858  35.6836  1.69679   21.3396  5.03693  24.8727   1.79508  23.2856  30.2219  11.6663   8.94582  1.60732   9.30574   24.9675  33.4275  26.7806  25.7581   31.914   26.6129 ⎦

⎡   0.990204  0.668774  0.121388 0.0889124  0.779796   0.86735  0.475419  0.46823    0.363679  0.932148 0.0168024  0.215454  0.939339  0.170015    0.92554   0.338262 0.426002   0.202307 0.0103314   0.191685 0.0782197 0.427761 98.7798 9.58746  26.098 88.8273 58.0393 85.5551  1.10232 49.1498 22.5912 ⎤
⎢  0.0919959  0.445284 0.0429149   0.56014  0.589744  0.663955  0.614298 0.753703   0.0362444  0.279878  0.444369  0.122182  0.514639  0.263529     0.7229   0.408176 0.962208   0.469432  0.056696   0.921074  0.757164 0.809521 99.5934  9.7208 25.5847 89.0732 58.0554  85.031  1.18316 48.6122 22.7224 ⎥
⎢   0.253127  0.180333  0.453863 0.0885245 0.0645765 0.0280738  0.639626 0.340036    0.658938  0.853647  0.631699  0.988455  0.888141   0.88321   0.947102   0.975366 0.317902   0.824183  0.851173  0.0827627  0.737628 0.913146 99.3323 9.88471 25.3498 89.7859 58.1891 85.2012  1.56632 49.1386 22.7183 ⎥
⎢   0.890763  0.850431  0.805237  0.360041  0.794072  0.392618  0.511074 0.715077     0.65915  0.416746  0.985481  0.358064  0.338704   0.49668  0.0264431   0.846807 0.383714   0.316242  0.583719 0.00764128   0.54709 0.497698 99.5667 9.89404 25.9403 89.6105 58.3741 85.5112 0.982807 48.7481  22.497 ⎥
⎢   0.576219  0.671865   0.79316  0.393312  0.396009  0.276736  0.798809 0.235027  0.00846127  0.277975  0.130819  0.679995  0.589509  0.720597   0.575607   0.460774 0.199876   0.186133  0.726279   0.662491  0.417928 0.333194  99.822 9.26623 26.1039 89.9388 58.0766 85.2609  1.73572 48.8129 22.4944 ⎥
⎢    0.85114  0.881064  0.849339  0.162137  0.286676  0.568236  0.822467  0.20697    0.416609  0.327125  0.999217 0.0918338  0.017032  0.406609   0.900639    0.77562 0.682496   0.113637  0.334318   0.959064  0.219652 0.812181  99.066 9.21004 26.0319 89.6925 57.7451 85.9821  1.40767  48.531  21.787 ⎥
⎢ 0.00905848  0.571246  0.293696  0.177592 0.0648633  0.699988  0.935586 0.801309    0.506515  0.526162   0.71842  0.988449  0.293807  0.328558   0.308821  0.0649816 0.702639   0.348041  0.963624   0.477176  0.941855 0.404115 98.9483 9.84088 25.7777  89.772 58.4085 85.5652  1.77416 48.5063 22.2759 ⎥
⎢   0.484553  0.897655  0.341065   0.19523 0.0895427  0.262748  0.884303 0.758784    0.646106  0.728338  0.224069  0.112279  0.180443  0.360683   0.019982   0.666922 0.842998   0.561898  0.895464    0.68971  0.307807 0.462366 99.2517 9.54827 25.5358 89.2821 58.3985 85.7111  1.02989 48.6703 22.0027 ⎥
⎢   0.217859  0.160351  0.808004  0.955066 0.0451566 0.0313522  0.475062 0.402126 0.000422655  0.515258  0.584624  0.802765  0.103922  0.491241   0.807557  0.0582076 0.419394   0.521388  0.497179   0.878871  0.370038 0.560039 99.6593 9.35193 26.1519  89.737 58.2925 85.7001  1.56748 48.6471 21.9038 ⎥
⎢  0.0486488  0.822162  0.433336  0.368398  0.272365  0.182577  0.381873 0.306037    0.949665 0.0470463  0.759699  0.172108  0.281319   0.15635   0.650187   0.590812 0.161382   0.674476 0.0812618   0.305564  0.837164 0.274722 99.4354 9.51344 26.1187  89.948 57.6771 85.4474  1.31396 48.5537 22.7506 ⎥
⎢   0.843566  0.104626   0.76794  0.959214  0.431389   0.76274  0.146274 0.754656    0.542997  0.329798  0.935273  0.812566   0.13758 0.0689294   0.447369   0.212051 0.187308  0.0983005  0.268815    0.55243 0.0748268  0.71839 99.2317 9.57291 25.4876 89.6667 58.4231 85.6046  1.50745 48.9435 22.2115 ⎥
⎢    0.27249  0.487123 0.0655499  0.515469  0.603649 0.0175135 0.0538158 0.204559    0.607965  0.268834  0.129322  0.580074  0.334348  0.789509 0.00251999   0.176353 0.781016   0.844184    0.3134   0.578534  0.536631 0.470318 99.2049 10.1848 25.9005 89.1795 58.0725 85.7287  1.36465 49.4336 21.8063 ⎥
⎢   0.196873  0.835543  0.570924  0.066697  0.950876  0.873037  0.356333 0.814815    0.231102  0.691494   0.68392  0.990409  0.228486  0.949629   0.151201   0.594892 0.330238   0.511678  0.846115  0.0889811  0.324746  0.60213 99.2651 9.66437 25.7862 89.8045 58.5714 85.5677  1.60591 48.7226 22.5472 ⎥
⎢   0.358322 0.0230401  0.820235  0.434183  0.487569  0.871963  0.650572 0.390473    0.427901  0.199157  0.746118 0.0414461  0.129078  0.559311   0.379706    0.82219 0.590956 0.00487202  0.413031   0.382723  0.546807 0.144312 99.0226 9.50778 25.9638 89.8251 57.6637 86.0632  1.40217 48.6208 22.0773 ⎥
⎢   0.710682  0.301594  0.707888  0.356663 0.0775707  0.895635  0.635212 0.438644    0.649047  0.798368  0.530937  0.140808  0.673613  0.986396   0.910425 0.00462322 0.254524   0.653377    0.9683   0.861881  0.340048 0.237249 99.3073 9.26906 26.2724  89.855 58.3451 85.6797  1.11532  48.935 22.1575 ⎥
⎢   0.805044 0.0677473  0.429943  0.290713  0.269136  0.579663  0.966744 0.694038    0.680932  0.483141  0.384899  0.182599 0.0288253 0.0613789   0.260425   0.433376 0.332427   0.409649  0.958898   0.937873  0.357188 0.526224 99.2688 9.77117 25.4013 89.7139 58.2779 85.4535  1.80572 48.8993 21.8639 ⎥
⎢   0.460797   0.80154  0.879403  0.956337  0.753412  0.183262  0.230359 0.336993    0.702894  0.692765  0.499071  0.123365  0.154846  0.204378   0.963422   0.350627 0.425724   0.102605  0.497105   0.499468  0.195917 0.820616 99.1093 9.76074 25.4225 89.9055 57.8074 85.6657  1.23255 48.8706 22.6848 ⎥
⎢    0.84785  0.951465   0.15082   0.83761  0.379945  0.752428  0.496099 0.616772    0.704295  0.959332  0.794356  0.213978  0.172999  0.288868   0.205559   0.437641 0.463853   0.511648  0.477957   0.679458  0.997853 0.867764 99.4325 10.0661 26.2328 89.6185 58.4435 85.2288   1.5101 49.2189 22.6048 ⎥
⎢    0.94642  0.973201  0.475626  0.419293  0.426654  0.562082  0.195231 0.567278    0.154953  0.542646  0.978964  0.708027  0.151781  0.633012   0.434557   0.207964 0.264237    0.93458   0.87409   0.793905  0.324917 0.480667 99.7975 10.0575 26.1704 89.2049 58.2569 85.2688  1.24941 48.5639 22.3053 ⎥
⎣   0.789562 0.0550578 0.0572083  0.595011  0.991537  0.863272   0.28369 0.590856    0.264545  0.897294 0.0133898 0.0172506  0.922981  0.828353    0.14403   0.872554 0.643328   0.409588   0.65044   0.402036  0.211798 0.164151 99.7954 10.0675 26.1783 90.0404 58.4974 85.1251  1.14646 49.1139 22.3681 ⎦

⎡  0.783217 0.907121 0.0845411 0.930673  0.353507  0.221683 0.361597 0.912306    0.861407  0.840396 0.0152039  0.404934   0.124751 78.9476 45.6174 73.8912 39.7908 9.76196 16.9031 70.1252 8.49927 ⎤
⎢  0.450302 0.190412  0.497168 0.478806  0.447968 0.0735117  0.45378 0.926122 0.000492072 0.0186458  0.537248 0.0928842    0.38652 78.4496 45.1484 73.7987 39.5352 10.4845 16.5694 70.4289 7.94598 ⎥
⎢  0.729313 0.782447  0.956643 0.689946  0.175984   0.77457 0.167713 0.371365    0.758179  0.767098  0.398002  0.750357 0.00471395 78.3309 45.0355 73.2175 39.2313 10.4647 16.8166  69.625 8.43617 ⎥
⎢  0.390517  0.87879  0.648926 0.428855  0.525522  0.505136 0.854217 0.190616   0.0380372  0.858413  0.755387 0.0569168    0.30993 78.6906 45.9561 73.6381  39.541 10.1847 16.3883 69.7801 8.61077 ⎥
⎢ 0.0952964 0.904139  0.320405 0.456843  0.488975 0.0450193 0.867795 0.654069    0.986056  0.643558   0.67343  0.815979   0.872623 78.6387 45.8742 73.6612 39.7804 9.66804 16.0037 70.1736 8.76831 ⎥
⎢  0.159215 0.373889   0.37029 0.774062  0.367391  0.893401 0.551218 0.625949    0.771014  0.265268  0.858742  0.966456   0.903534 79.2845 45.6979 72.9523 39.5719 9.93702 16.0827 69.9426 8.14384 ⎥
⎢  0.695011 0.141127  0.366439 0.861114  0.966291  0.706821 0.897327 0.100789    0.336356  0.694745   0.59495   0.52308  0.0915521 78.3437 45.2804 73.6982 39.2918 10.0352 16.6471  70.248 8.10784 ⎥
⎢ 0.0793272 0.951613 0.0273712 0.177947  0.943731   0.93535 0.759845 0.291576    0.587353  0.248128  0.149979  0.184915   0.681789 79.1493 45.4977 73.4634 39.8993 9.85137 16.3402 69.7746 8.08666 ⎥
⎢  0.580121 0.563366  0.652929 0.657355 0.0460569  0.354237 0.439287 0.148471    0.680373  0.403519  0.352252 0.0701474   0.755628 79.2436 45.8107 73.2468 39.3859  10.247 16.0611 70.0799 8.06367 ⎥
⎣ 0.0344474 0.143958 0.0318649 0.201568  0.582132  0.281513 0.470842 0.371684    0.363736 0.0654476  0.459519  0.851521   0.420449 79.3212 45.6179 73.5048 39.6895 10.2472 16.4279 70.4073 8.31462 ⎦

