⎡  0.199914  0.807194  0.703583  0.551298  0.201979  0.326656  0.327043     0.76891    0.459742   0.963753  0.373931  0.349372  0.544122  0.993593  0.764705  0.114786   0.465816  0.349073   0.30227  0.294843  0.285711  0.331855     0.590521      0.11249     0.864563    0.0976445      0.14228     0.502133      0.77029     0.219837     0.307867   0.91579 0.611978  0.351264  0.65444 0.309191  0.37547 0.371617 0.500314 0.816768 0.594233  0.730273 0.452278 0.793241 0.0574383 0.0200033 0.367995 0.135122 0.263116  0.86048 ⎤
⎢  0.165371  0.764329  0.511296 0.0368428  0.225988  0.383196  0.310867    0.113076    0.621181   0.669239  0.371028  0.782908  0.136775  0.106082  0.356566  0.604845    0.77499  0.114299   0.99261  0.706155  0.315564  0.121504 -4.80654e+34  -6.0717e+33 -1.07816e+34 -2.65436e+33 -9.86204e+32 -3.76827e+34 -1.69317e+35 -2.44661e+33  -2.5205e+33  0.535668 0.498876 0.0310772 0.720995 0.444464     1.12 0.559414 0.515732 0.513402 -19.0857  -99.2995 -99.6943 -99.0855  -99.6226  0.650955 0.569494 -6.73391 -99.2811 -99.5469 ⎥
⎢  0.308236  0.129225 0.0322923  0.999523  0.687122  0.946663   0.34454    0.232472    0.304582   0.196706  0.824633  0.918176  0.995446  0.101802  0.528816  0.610834   0.157321  0.929969  0.125042  0.813708  0.495746  0.183429 -7.78365e+35 -9.74447e+34 -1.72278e+35  -4.2454e+34 -1.57733e+34 -6.02109e+35 -2.74189e+36 -3.91332e+34 -4.03493e+34  0.366846  1.49795  0.574269  1.23289 0.436105  2.59409  1.39701  1.28574  1.02387 -308.064  -1598.85 -1596.93 -1595.59  -1609.41   2.10525  2.29071 -112.065 -1596.69  -1596.1 ⎥
⎢ 0.0414829 0.0824054  0.254553  0.862784  0.483933  0.809731  0.673219     0.93698    0.298052   0.909601  0.721735  0.598073  0.769485  0.369285  0.110205  0.913086   0.953176  0.767251  0.749931  0.620526 0.0107942  0.117544 -3.33785e+36 -4.23602e+35 -7.60925e+35 -1.93324e+35 -7.18283e+34 -2.65605e+36  -1.1758e+37 -1.78448e+35  -1.8705e+35 0.0273574  2.81807   2.96901  4.71213 0.700448  9.63317  3.66569  3.15439  2.61713 -1451.16  -7529.53 -7521.14 -7517.08  -7580.52   10.1208  9.34742 -531.176 -7519.09  -7517.5 ⎥
⎢  0.751195  0.824828  0.308334 0.0717155  0.984428  0.150333  0.125913 2.81294e-05    0.924257   0.605356  0.500899  0.472264  0.680844  0.942777 0.0510169  0.563183   0.216849  0.279029  0.566721  0.172579  0.290768  0.613742 -5.25726e+36 -6.56191e+35 -1.16667e+36 -2.92669e+35 -1.08736e+35 -4.07484e+36 -1.85194e+37 -2.69999e+35 -2.81644e+35  0.179515  4.40415   3.89159   5.9702  1.51102  14.7585  4.96562  3.88229  2.75201 -2169.69  -11258.1 -11246.1 -11239.9  -11334.4    14.798  13.5168 -794.087 -11242.5 -11240.7 ⎥
⎢   0.26445  0.197286 0.0586276  0.583577  0.946583  0.846508  0.795794    0.834903    0.499533    0.81939  0.707542  0.422126  0.149203  0.515327  0.937522  0.578207     0.5277  0.186215  0.847931 0.0245108  0.236313  0.330259 -1.52964e+36 -1.81728e+35 -3.13376e+35 -7.48596e+34 -2.78113e+34 -1.09685e+36 -5.38839e+36 -6.89051e+34 -7.02165e+34  0.932928   1.5631  0.883414  1.52187 0.907812  3.99785  1.55218  1.60328  1.15904 -525.035  -2726.12 -2722.82 -2722.15  -2744.56   4.19533  3.48782 -191.826 -2722.73  -2721.8 ⎥
⎢  0.207295  0.637137  0.650518   0.82022  0.555405  0.827308 0.0607183    0.659173    0.959007  0.0137742  0.542888  0.364142  0.719743   0.52983  0.760209  0.210122   0.606582  0.399673  0.630167   0.79689  0.184936  0.917607     0.556416     0.810618     0.605731     0.759382    0.0261103    0.0063701      0.23018     0.267735     0.182923  0.925885 0.369747  0.107646 0.209977 0.383571 0.248544 0.328906 0.904134 0.198876 0.984918 0.0528392 0.502425 0.560301  0.458995  0.583367 0.971728 0.919547 0.781472 0.474686 ⎥
⎢   0.14185 0.0790635  0.202326 0.0600809  0.887329   0.92584  0.471094    0.981086    0.674672   0.239802 0.0279872  0.143415  0.479764  0.832471  0.407293  0.415875 0.00922915  0.837422  0.202812  0.309699  0.848618  0.415761 -2.72514e+35 -3.44622e+34 -6.13778e+34 -1.60182e+34 -5.95176e+33 -2.14114e+35 -9.59922e+35  -1.4808e+34 -1.56843e+34  0.793378 0.574418  0.471992 0.556911 0.357542 0.855664  1.10734 0.378979 0.636015 -123.614  -641.204 -640.754 -640.833  -646.039   1.50172  1.22002 -45.0131 -640.804 -640.336 ⎥
⎢  -117.995  -68.0168  -85.0998  -78.8911  -641.944  -1051.36  -79.3577    -312.097    -434.631   0.255787  -274.188  -224.743  -107.961  0.785445  -346.613  -1083.17   -165.665  0.323079  -169.635  -2622.38   0.78687  0.872157 -4.81233e+36 -6.02215e+35 -1.06784e+36 -2.67796e+35 -9.95027e+34 -3.72975e+36 -1.69518e+37 -2.47066e+35 -2.57301e+35  0.316598  4.24613   3.41877  5.93766  1.21242  12.7023  4.75333   4.2847  2.65978 -1991.47  -10334.4 -10322.8 -10317.9  -10404.3   13.4746  12.9664 -728.465 -10319.9 -10318.3 ⎥
⎢  -612.249  -353.982  -439.366  -408.237  -3316.02   -5429.3  -411.803    -1613.94    -2248.44   0.981097  -1419.75  -1163.66  -558.805  0.485572  -1790.59   -5592.9   -857.404  0.686801  -879.253  -13544.1  0.673197  0.510124 -2.28782e+37 -2.83872e+36 -5.02341e+36 -1.25044e+36  -4.6462e+35 -1.75507e+37 -8.05904e+37 -1.15323e+36 -1.19879e+36   0.15339  15.8433   13.5576   24.495  3.86084   59.091  21.0416  16.6102  11.6591 -9210.84  -47795.6 -47744.6 -47718.9  -48121.6   60.2974   56.223 -3370.98 -47730.5 -47721.6 ⎥
⎢  -611.599  -353.411  -439.027  -408.149  -3316.37  -5429.52  -412.011    -1613.42    -2248.39   0.716849  -1419.03  -1163.14  -558.414   0.12711  -1791.28  -5592.54   -856.903  0.470522  -879.401    -13544  0.514386  0.709401  -4.5147e+37 -5.58413e+36 -9.83128e+36 -2.42755e+36 -9.02009e+35  -3.4361e+37 -1.59034e+38 -2.23799e+36 -2.32546e+36  0.464113  31.1398   25.2074  46.8545  6.94299  114.977  40.6387  31.7233  21.8046 -17926.5  -93019.8 -92921.8 -92872.4  -93654.2   116.432  109.594 -6562.13 -92895.6 -92877.1 ⎥
⎢  -611.276  -353.487  -439.024  -408.039   -3316.4  -5429.94  -412.281     -1613.3    -2248.73   0.446513  -1419.36  -1162.87  -558.634  0.344374  -1790.66  -5592.01   -857.667  0.876094   -879.44  -13544.2  0.866305 0.0812393 -4.67548e+37 -5.77802e+36 -1.01624e+37 -2.50334e+36 -9.30181e+35 -3.55214e+37 -1.64698e+38  -2.3076e+36 -2.39731e+36  0.411047    32.04   26.9545  48.9965  6.76101  118.607  41.7391  32.9835  23.1838 -18520.3  -96100.7 -95998.7 -95948.6  -96756.3   120.521  112.814 -6778.62 -95971.7 -95953.3 ⎥
⎢  -616.427  -356.563  -442.285  -411.049  -3342.24   -5472.8  -415.059    -1626.12    -2266.05   0.741918  -1430.99  -1172.37  -562.613  0.232293  -1805.18  -5636.91   -863.867  0.559206  -886.243  -13650.9  0.967967  0.937211 -2.59623e+37  -3.1878e+36 -5.58314e+36 -1.36735e+36 -5.08075e+35 -1.95204e+37 -9.14557e+37 -1.26012e+36 -1.30437e+36  0.804102  17.4702   14.8582  26.3397  3.58453   64.018  23.0309  18.4634  12.6947 -10014.7  -51965.4 -51910.8 -51883.2  -52320.4   65.5279  61.4284 -3665.34 -51896.1 -51886.6 ⎥
⎢  0.762755  0.793868  0.623048   0.37243  0.522792 0.0775934  0.131426    0.958495   0.0697334   0.105034  0.194046  0.498003  0.181905  0.706543   0.64661  0.540328   0.522561  0.934299   0.67774  0.345623 0.0586826  0.357744 -2.77173e+36  -3.3779e+35 -5.86669e+35 -1.42483e+35 -5.29395e+34 -2.05204e+36 -9.76437e+36 -1.31258e+35 -1.35186e+35 0.0514488  2.32673   2.02358  3.33045 0.624851  7.47083  3.13602  2.06366   1.2641 -1020.04  -5295.01 -5288.89 -5286.49  -5331.17   7.19751  6.83153 -372.793 -5287.94 -5286.38 ⎥
⎢  0.715107  0.921375  0.542587  0.437198   0.23698   0.55255  0.427047    0.231726    0.681929  0.0949583  0.854697  0.842177  0.905329 0.0452706  0.149991  0.829445   0.561413  0.244136  0.185652  0.720376 0.0533556      0.21 -1.01842e+36  -1.2537e+35 -2.20238e+35 -5.49098e+34 -2.04017e+34 -7.69608e+35 -3.58728e+36 -5.06488e+34 -5.27254e+34  0.799415  1.07743   1.18471  2.06258 0.407814  3.08082 0.999068  1.64172  0.70248  -407.53   -2117.3 -2115.24 -2114.66  -2132.58   3.37493  2.78152  -148.52 -2114.64 -2113.94 ⎥
⎢  -43.1919  -25.1421  -30.6488  -28.3723  -235.644  -386.292  -28.7493    -114.198    -159.246   0.657034  -100.978  -82.4092  -39.2606  0.919949  -126.966  -397.337   -60.2932  0.796878  -62.3827  -962.694  0.478136  0.539569 -1.22761e+37 -1.51219e+36  -2.6653e+36 -6.62445e+35 -2.46138e+35 -9.31318e+36 -4.32429e+37 -6.10911e+35 -6.34925e+35  0.797037  8.91336   7.25637  13.4015  2.49446  31.6756  11.2371  9.48506  6.00684 -4853.48  -25184.9 -25158.8 -25145.4  -25357.6   31.4045  30.1848 -1776.54   -25151 -25146.9 ⎥
⎢  -611.425  -353.233  -438.838  -408.094  -3315.82  -5430.04  -411.604    -1613.78    -2248.62   0.108622  -1419.65  -1163.39  -558.269  0.916584   -1790.8   -5592.4   -856.752 0.0132883  -879.372    -13544  0.122355  0.713931 -4.27689e+37 -5.28852e+36 -9.32537e+36 -2.31632e+36 -8.60651e+35 -3.25863e+37 -1.50657e+38 -2.13606e+36 -2.22163e+36  0.600011  28.8607   24.0855  44.5295  6.91657  108.981  39.0297  30.3357   20.713 -16997.6  -88197.4 -88103.6 -88057.2  -88798.9   110.856  103.977  -6221.1 -88078.9   -88061 ⎥
⎢  -611.311  -353.145  -439.685  -408.521  -3316.34  -5429.97  -411.603    -1613.45    -2248.77    0.91953  -1419.58  -1162.98    -557.9  0.840871  -1790.94  -5591.95    -857.54  0.400199  -879.615  -13544.6  0.306134  0.150629  -5.1378e+37 -6.34219e+36 -1.11462e+37 -2.74424e+36 -1.01969e+36 -3.89609e+37 -1.80983e+38 -2.52959e+36 -2.63019e+36  0.476276  35.4665   28.8491  53.7036  7.40537  130.365  45.7613  36.7043  25.1257 -20359.4   -105642  -105529  -105475   -106361   132.077  124.028 -7452.38  -105500  -105479 ⎥
⎢   -596.99  -344.731   -428.47  -399.039  -3237.26  -5301.23  -401.821    -1574.98    -2195.57  0.0158719  -1385.95  -1136.03   -544.77  0.980525  -1749.04  -5459.83    -836.67  0.777445  -858.572  -13223.3 0.0318979 0.0268657 -4.98807e+37 -6.17615e+36 -1.08791e+37 -2.68686e+36  -9.9837e+35 -3.80221e+37 -1.75708e+38 -2.47708e+36 -2.57635e+36  0.833223  34.7193   28.4722  52.0231  7.68837  127.525  44.8947  35.3461  24.0609 -19904.9   -103282  -103173  -103118   -103986    129.28    120.8 -7286.02  -103144  -103123 ⎥
⎢  0.423711  0.980981   0.15756  0.263538  0.289044  0.146407  0.535626    0.967274  0.00959595   0.883932  0.701436  0.603334  0.819457  0.282346  0.881249 0.0650101   0.400301  0.806832  0.696866  0.188085  0.123307  0.996138 -3.03998e+37 -3.75285e+36 -6.60653e+36 -1.63511e+36 -6.07562e+35 -2.30889e+37 -1.07085e+38 -1.50763e+36 -1.56583e+36  0.643133  21.1718   17.3996  31.7058  4.44741  76.3372  27.2725  21.6389  15.1709   -11977  -62149.8 -62083.5 -62050.7  -62573.9   78.2837    73.55 -4383.76   -62066 -62054.5 ⎥
⎢   0.49332  0.566526  0.523866  0.203698  0.644281  0.040366  0.906285    0.252669    0.163571   0.845592  0.781137  0.504392  0.299363   0.44428    0.5457  0.101449   0.678772  0.524796 0.0874344  0.972092  0.444855  0.426806 -3.19447e+36 -3.87578e+35 -6.73511e+35 -1.63657e+35 -6.08104e+34 -2.35574e+36 -1.12535e+37 -1.50768e+35 -1.55349e+35  0.427564  2.36316   2.06607  3.68941 0.771404  8.20281  3.07585   2.8315  1.52245 -1169.22  -6070.62 -6065.01 -6061.57  -6112.67   8.28821  7.87376 -427.387 -6063.26 -6061.61 ⎥
⎢  0.471901  0.329853  0.752992  0.541222  0.680171  0.259086  0.469655     0.53008 0.000355144   0.205367  0.520845  0.730895 0.0783483 0.0418693  0.255148  0.329546   0.812592  0.135629  0.697533    0.1449  0.456614  0.722614 -3.71348e+35 -4.57832e+34 -8.08918e+34 -2.00967e+34 -7.46713e+33 -2.82617e+35 -1.30806e+36 -1.85324e+34 -1.93641e+34  0.487659 0.783644  0.889928   1.2791  0.77015  1.19051 0.541082  1.14519  0.46953 -152.666  -793.997 -792.537 -792.958  -799.328   1.56188  1.23759 -55.6115 -792.251 -792.871 ⎥
⎢ 0.0867511   0.33954  0.876137 0.0985608  0.903438  0.749313  0.046136    0.844403    0.726087   0.195292  0.941416  0.249442  0.841865  0.362435  0.708545  0.153389 0.00560861  0.187368  0.769415  0.835996 0.0230995  0.216713 -1.68182e+37 -2.06703e+36 -3.63141e+36 -8.95221e+35 -3.32633e+35 -1.26933e+37  -5.9243e+37 -8.25277e+35 -8.55674e+35  0.489385  11.9028   9.56532  17.1981  2.91158  41.9848  15.1686  11.6034  7.90865 -6521.19  -33840.7 -33804.6 -33786.1  -34071.5   42.3268   40.305 -2387.24 -33795.1   -33788 ⎥
⎢  -26.0504  -15.0149  -18.9179  -17.2236  -143.933  -235.263  -17.8819     -69.851     -97.405  0.0647164  -61.0888  -50.3049  -23.9367  0.459102  -77.7751  -242.962    -36.359 0.0759394  -37.5423  -587.927  0.856467  0.321479 -4.34984e+37 -5.37343e+36 -9.46544e+36 -2.34601e+36 -8.71684e+35 -3.30789e+37 -1.53227e+38 -2.16323e+36 -2.24804e+36 0.0302459  29.6893   24.5432   45.325  6.90069  109.753  39.3232  31.1128   21.231   -17211  -89305.6 -89210.9 -89163.4  -89914.3   111.407  105.158 -6299.32 -89185.5 -89168.3 ⎥
⎢  -611.585  -353.792  -438.877  -407.807  -3315.97  -5429.95  -412.444     -1613.3    -2248.04   0.989812   -1419.1  -1163.21   -558.73 0.0682488  -1790.84  -5592.31   -857.201  0.509725  -879.364  -13543.9  0.837027  0.554743  -5.0481e+37 -6.24166e+36 -1.09753e+37 -2.70168e+36 -1.00387e+36 -3.83632e+37 -1.77825e+38 -2.49032e+36 -2.58907e+36 0.0346184  34.4965   28.5178  53.1684  7.26246  127.808  45.7835  35.8461  24.6514 -20069.6   -104138  -104028  -103973   -104848   130.082  122.601 -7346.51  -103999  -103978 ⎥
⎢  -611.363  -353.622   -439.68  -408.004  -3316.49  -5429.38  -412.146     -1613.6    -2248.04   0.627276  -1419.43  -1163.09  -558.351  0.400254  -1791.44  -5592.51   -856.811  0.242647  -879.337  -13544.5  0.110952  0.900278 -5.28072e+37 -6.50132e+36 -1.14158e+37 -2.80843e+36 -1.04351e+36 -3.99055e+37 -1.86018e+38 -2.58869e+36 -2.68541e+36  0.669927  35.6479    28.966  54.2988  8.18675    131.6  46.7961  37.0389  25.6385 -20642.9   -107114  -107001  -106945   -107845   133.748  125.925 -7556.22  -106971  -106950 ⎥
⎢  0.809234  0.518101  0.505863  0.919884  0.251879  0.164145   0.45792    0.464255   0.0520258   0.690342  0.518518  0.165626  0.285336  0.633949  0.394333  0.738336   0.084168  0.584512  0.778571  0.772031  0.864164  0.315415 -2.60183e+37  -3.1827e+36 -5.57514e+36 -1.37107e+36 -5.09438e+35 -1.94903e+37 -9.16511e+37 -1.26381e+36 -1.30743e+36  0.751746  17.3993    14.435  26.3036  3.75173  64.2668  22.9346  17.9691   12.931 -9938.73  -51573.3 -51518.5 -51491.3  -51926.1   64.7586  60.5124 -3638.23 -51503.9 -51494.3 ⎥
⎢  0.237432   0.16671  0.317484  0.711307 0.0766662  0.189804  0.112939    0.707564    0.621502   0.926228  0.935805  0.843054  0.458832   0.52844  0.760121  0.623472    0.89898   0.98736  0.406544  0.495265  0.391431  0.439258 -1.26015e+36 -1.63152e+35 -2.95912e+35 -7.67349e+34 -2.85169e+34 -1.03201e+36 -4.43893e+36 -7.09022e+34 -7.51422e+34  0.399696  1.21064   1.02909  2.44404 0.460701  4.24522  1.87559  1.19491    1.102 -582.897  -3024.14  -3020.9 -3019.67  -3044.57   4.67825  4.01142 -212.748 -3020.64 -3019.31 ⎥
⎢  0.770422  0.395637 0.0610569  0.224562  0.641734  0.193409  0.529233    0.941301    0.902844  0.0126891  0.552725 0.0870584   0.58627  0.821532  0.364175  0.969406   0.623287  0.238167  0.991313  0.379106  0.603895  0.827935 -7.83626e+35 -1.00328e+35 -1.81318e+35 -4.57234e+34 -1.69887e+34 -6.32997e+35 -2.76038e+36 -4.21918e+34 -4.39065e+34  0.704903  1.44645   1.04246  1.85515 0.766268  2.22728 0.829269 0.904548 0.821796 -339.656  -1763.64  -1762.1 -1761.26  -1776.02   2.61169  2.09508 -123.902 -1761.56  -1760.7 ⎥
⎣ 0.0971932  0.189499  0.536913  0.998512  0.907958  0.921019  0.773079    0.825196   0.0601012 0.00971905  0.671117 0.0185479 0.0107593  0.893649  0.743907  0.291221   0.220439  0.659095  0.355324  0.844098    0.1294  0.327335 -2.25256e+37 -2.75936e+36 -4.83939e+36 -1.18913e+36 -4.41847e+35 -1.69181e+37 -7.93496e+37 -1.09607e+36 -1.13337e+36  0.520101  15.1181    12.266  22.7801  3.36757  55.3862  19.8592   15.686  11.2114 -8639.13  -44828.7 -44780.9 -44757.6  -45134.8    55.961  53.2385 -3162.18 -44768.2 -44759.8 ⎦

⎡ -1.23761e+10 -6.31793e+09 -1.48328e+10  -1.3067e+10 -8.00972e+09 -2.67704e+10 -2.32214e+10 -1.27886e+10 -2.31164e+10 -1.56766e+10  0.551615  0.744895  -6.0557e+11 -8.59128e+12 -8.68281e+12 -1.15253e+13 -8.21983e+12 -1.34058e+13 -1.09411e+13  -8.1979e+12 -9.09296e+12  0.390125 -1.23585e+12 -4.04708e+11 -9.93306e+10 -1.60382e+10 -1.58455e+10 -1.08844e+11 -1.23656e+12 -1.47414e+10 -2.48606e+09 ⎤
⎢ -2.22746e+09  -1.1371e+09 -2.66962e+09  -2.3518e+09 -1.44161e+09 -4.81814e+09 -4.17939e+09  -2.3017e+09 -4.16051e+09 -2.82149e+09   0.26036  0.298458 -1.09296e+11   -1.542e+12 -1.56393e+12 -2.06844e+12  -1.4794e+12 -2.42218e+12 -1.97189e+12  -1.4802e+12 -1.64176e+12 0.0749927 -4.01525e+10 -4.01247e+10 -1.61959e+10 -2.84708e+09 -2.81285e+09  -1.7561e+10 -4.01795e+10 -2.61991e+09 -4.46931e+08 ⎥
⎢ -5.07894e+08 -2.59276e+08 -6.08715e+08 -5.36236e+08 -3.28718e+08 -1.09858e+09 -9.52959e+08  -5.2483e+08 -9.48662e+08 -6.43336e+08  0.263327  0.441025 -2.52417e+10 -3.49587e+11 -3.58941e+11 -4.71861e+11 -3.37196e+11 -5.56738e+11 -4.50746e+11 -3.39116e+11 -3.76575e+11  0.793737 -2.10396e+09 -2.10184e+09 -2.10564e+09 -6.11837e+08 -6.04468e+08 -2.10661e+09 -2.10589e+09 -5.65931e+08 -1.01423e+08 ⎥
⎢ -8.05873e+07 -4.11408e+07 -9.65896e+07 -8.50773e+07 -5.21684e+07 -1.74286e+08 -1.51205e+08 -8.32831e+07  -1.5053e+08 -1.02076e+08   0.69212  0.446917 -4.55206e+09 -5.47244e+10 -5.75307e+10 -7.34708e+10 -5.31751e+10  -8.9701e+10 -7.36025e+10  -5.5172e+10 -6.17495e+10 0.0365845 -5.63459e+07 -5.62375e+07 -5.63945e+07 -5.64123e+07 -5.57204e+07 -5.64052e+07  -5.6376e+07 -5.55459e+07  -1.5567e+07 ⎥
⎢ -7.96186e+07 -4.06463e+07 -9.54287e+07 -8.40546e+07 -5.15415e+07  -1.7219e+08 -1.49388e+08 -8.22822e+07 -1.48721e+08 -1.00849e+08  0.226824 0.0528482 -4.50315e+09 -5.41626e+10 -5.68371e+10 -7.25539e+10 -5.25219e+10 -8.86364e+10 -7.27295e+10 -5.45147e+10 -6.10244e+10  0.072302 -5.56832e+07 -5.55765e+07 -5.57313e+07 -5.57487e+07 -5.50671e+07 -5.57417e+07  -5.5713e+07 -5.48863e+07 -1.53725e+07 ⎥
⎢ -5.57675e+08 -2.84688e+08 -6.68377e+08 -5.88796e+08 -3.60935e+08 -1.20626e+09 -1.04636e+09 -5.76269e+08 -1.04164e+09 -7.06392e+08  0.415921  0.381055 -2.76609e+10 -3.84946e+11 -3.94572e+11 -5.17923e+11 -3.70119e+11 -6.11589e+11 -4.93395e+11 -3.72031e+11 -4.12865e+11  0.689082 -2.53279e+09 -2.53029e+09  -2.5125e+09 -6.76536e+08  -6.6839e+08 -2.53594e+09 -2.53508e+09 -6.25385e+08 -1.11426e+08 ⎥
⎢ -1.23831e+10 -6.32146e+09 -1.48412e+10 -1.30743e+10 -8.01421e+09 -2.67855e+10 -2.32344e+10 -1.27957e+10 -2.31294e+10 -1.56854e+10   0.91223  0.105837 -6.05914e+11 -8.59594e+12 -8.68777e+12 -1.15319e+13  -8.2244e+12 -1.34134e+13 -1.09473e+13 -8.20239e+12 -9.09809e+12 0.0747897 -1.23653e+12  -4.0493e+11 -9.93856e+10 -1.60472e+10 -1.58543e+10 -1.08904e+11 -1.23724e+12 -1.47497e+10 -2.48746e+09 ⎥
⎢ -7.40527e+07 -3.78047e+07 -8.87577e+07 -7.81776e+07 -4.79394e+07  -1.6015e+08 -1.38944e+08 -7.65306e+07 -1.38325e+08 -9.37985e+07  0.443874  0.965854 -4.22497e+09 -5.01197e+10 -5.28522e+10 -6.72797e+10 -4.87453e+10 -8.25004e+10 -6.88031e+10 -5.07397e+10  -5.6863e+10  0.188183 -4.80717e+07 -4.79814e+07 -4.81143e+07 -4.81294e+07 -4.75377e+07 -4.81231e+07 -4.80982e+07 -4.79177e+07 -1.42543e+07 ⎥
⎢ -1.24573e+07 -6.36151e+06 -1.49358e+07  -1.3145e+07 -8.07563e+06 -2.69161e+07 -2.33725e+07  -1.2883e+07 -2.32746e+07 -1.57776e+07  0.096868  0.268497 -1.15526e+09 -8.95987e+09 -9.65108e+09 -1.22624e+10 -7.79076e+09 -1.59116e+10 -1.33372e+10 -8.95018e+09 -1.08205e+10  0.423185 -1.87536e+06 -1.87581e+06 -1.87628e+06 -1.87634e+06 -1.87575e+06 -1.87615e+06  -1.8761e+06 -1.87405e+06 -1.87636e+06 ⎥
⎢ -6.25334e+06 -3.19439e+06 -7.50012e+06 -6.59478e+06 -4.06075e+06 -1.34967e+07 -1.17319e+07 -6.47243e+06 -1.16865e+07 -7.91932e+06  0.615123  0.496681 -8.46498e+08 -4.54965e+09 -5.21184e+09 -6.37952e+09 -4.43169e+09 -9.07222e+09 -7.75079e+09 -4.74131e+09 -6.18117e+09  0.552258      -630473      -630551      -630626      -630628      -630542      -630596      -630544      -630017      -630628 ⎥
⎢ -6.25335e+06  -3.1944e+06 -7.50012e+06 -6.59479e+06 -4.06075e+06 -1.34967e+07 -1.17319e+07 -6.47244e+06 -1.16865e+07 -7.91933e+06 0.0128208  0.870963 -8.46555e+08 -4.54966e+09 -5.21191e+09 -6.37956e+09 -4.43172e+09 -9.07243e+09 -7.75099e+09 -4.74136e+09 -6.18132e+09  0.308495      -630473      -630552      -630628      -630628      -630542      -630596      -630544      -630017      -630629 ⎥
⎢ -6.25334e+06 -3.19439e+06 -7.50012e+06 -6.59479e+06 -4.06075e+06 -1.34967e+07 -1.17319e+07 -6.47243e+06 -1.16865e+07 -7.91933e+06  0.771807 0.0588373 -8.46515e+08 -4.54965e+09 -5.21186e+09 -6.37953e+09  -4.4317e+09 -9.07228e+09 -7.75085e+09 -4.74132e+09 -6.18121e+09 0.0389836      -630473      -630551      -630627      -630628      -630542      -630596      -630544      -630017      -630629 ⎥
⎢ -6.25335e+06  -3.1944e+06 -7.50012e+06 -6.59479e+06 -4.06075e+06 -1.34967e+07 -1.17319e+07 -6.47243e+06 -1.16865e+07 -7.91933e+06  0.488732 0.0285437 -8.46546e+08 -4.54966e+09  -5.2119e+09 -6.37956e+09 -4.43171e+09  -9.0724e+09 -7.75096e+09 -4.74135e+09 -6.18129e+09  0.357069      -630474      -630551      -630627      -630629      -630542      -630597      -630544      -630016      -630630 ⎥
⎢ -6.78971e+07 -3.46627e+07 -8.13802e+07 -7.16787e+07 -4.39557e+07 -1.46836e+08 -1.27395e+08   -7.017e+07 -1.26827e+08 -8.60014e+07  0.928794  0.657357 -3.91935e+09 -4.57461e+10 -4.84454e+10 -6.25736e+10 -4.45661e+10  -7.5723e+10 -6.32598e+10 -4.65633e+10 -5.22639e+10  0.628992 -4.06599e+07 -4.05872e+07 -4.06967e+07 -4.07093e+07 -4.02142e+07 -4.07039e+07  -4.0683e+07 -4.05312e+07 -1.30163e+07 ⎥
⎢ -1.24534e+07 -6.35952e+06 -1.49311e+07 -1.31409e+07  -8.0731e+06 -2.69077e+07 -2.33652e+07  -1.2879e+07 -2.32673e+07 -1.57727e+07  0.223891  0.174445 -1.15492e+09 -8.95708e+09 -9.64812e+09 -1.22586e+10 -7.78859e+09 -1.59068e+10 -1.33332e+10 -8.94742e+09 -1.08172e+10 0.0493331  -1.8746e+06 -1.87505e+06 -1.87552e+06 -1.87557e+06 -1.87498e+06 -1.87538e+06 -1.87533e+06 -1.87328e+06 -1.87559e+06 ⎥
⎢ -1.24573e+07 -6.36151e+06 -1.49358e+07  -1.3145e+07 -8.07562e+06 -2.69161e+07 -2.33725e+07  -1.2883e+07 -2.32746e+07 -1.57776e+07  0.132255  0.926224  -1.1552e+09 -8.95986e+09 -9.65101e+09 -1.22623e+10 -7.79074e+09 -1.59114e+10  -1.3337e+10 -8.95013e+09 -1.08203e+10  0.541493 -1.87536e+06 -1.87581e+06 -1.87628e+06 -1.87634e+06 -1.87575e+06 -1.87615e+06  -1.8761e+06 -1.87404e+06 -1.87636e+06 ⎥
⎢ -6.25334e+06 -3.19439e+06 -7.50011e+06 -6.59478e+06 -4.06074e+06 -1.34967e+07 -1.17319e+07 -6.47242e+06 -1.16865e+07 -7.91932e+06  0.380143  0.434768 -8.46448e+08 -4.54964e+09 -5.21177e+09 -6.37948e+09 -4.43168e+09 -9.07203e+09 -7.75061e+09 -4.74126e+09 -6.18104e+09  0.232125      -630473      -630550      -630626      -630628      -630541      -630595      -630544      -630016      -630628 ⎥
⎢ -6.25335e+06  -3.1944e+06 -7.50012e+06 -6.59479e+06 -4.06075e+06 -1.34967e+07 -1.17319e+07 -6.47243e+06 -1.16865e+07 -7.91933e+06  0.494745  0.972412 -8.46542e+08 -4.54966e+09 -5.21189e+09 -6.37955e+09 -4.43171e+09 -9.07238e+09 -7.75094e+09 -4.74135e+09 -6.18128e+09  0.220784      -630474      -630551      -630627      -630628      -630542      -630596      -630544      -630017      -630629 ⎥
⎢ -6.25333e+06 -3.19439e+06  -7.5001e+06 -6.59478e+06 -4.06074e+06 -1.34967e+07 -1.17319e+07 -6.47242e+06 -1.16865e+07 -7.91931e+06  0.802483 0.0421859 -8.46374e+08 -4.54962e+09 -5.21168e+09 -6.37941e+09 -4.43165e+09 -9.07176e+09 -7.75034e+09  -4.7412e+09 -6.18085e+09  0.935794      -630472      -630550      -630626      -630627      -630541      -630595      -630543      -630015      -630628 ⎥
⎣ -6.25328e+06 -3.19436e+06 -7.50005e+06 -6.59472e+06 -4.06071e+06 -1.34966e+07 -1.17318e+07 -6.47237e+06 -1.16864e+07 -7.91925e+06    0.7581  0.387014 -8.46546e+08 -4.54962e+09 -5.21186e+09  -6.3795e+09 -4.43167e+09 -9.07234e+09 -7.75091e+09 -4.74131e+09 -6.18125e+09  0.108078      -630467      -630545      -630621      -630622      -630536      -630590      -630539      -630011      -630623 ⎦

⎡  93.195 50.0288 116.245 93.4533 63.1765 181.123 169.459 101.724  178.22 105.814  0.34344 0.903624 0.660682  9.7301 9.39705 9.41908 9.32498  9.7888 9.69922 9.73134  9.6198 ⎤
⎢ 92.9565 49.7158 116.504 93.3975 63.2234 181.369 168.796 101.879 177.272 105.974 0.227535 0.468818 0.142424 10.1746 9.57792 9.38491 9.34079 9.64335 9.74639  9.9848 9.42446 ⎥
⎢ 93.4301  49.602 116.119 93.1678 63.7345 182.012 169.574 102.072 177.691 105.354 0.946948 0.214236 0.392239 9.67612 9.97382 9.76083 9.89255 9.45094 9.86533 9.42805 9.44162 ⎥
⎢ 92.9168 49.9923 115.863 93.3432 63.8778 181.539 168.999 101.718 177.401 105.337 0.939043  0.11829 0.703771   9.831 9.63547 10.1966 9.52916 10.2963 9.38933 9.55683 9.87036 ⎥
⎢ 92.9943 49.5625 115.726  93.182 64.1158 181.731  168.89 102.035 177.443 105.745 0.128279 0.291862  0.67964 9.52163 10.0911 9.75661 9.60328 9.44684 9.80914 9.76164 9.36984 ⎥
⎢ 93.6323 49.4941 115.986  93.162 63.8056 182.065 168.822 102.087 178.124 105.956 0.242397 0.804748 0.983141 9.78461 9.62155 9.35724 9.87347 9.85457 10.2651  9.7954 10.1064 ⎥
⎢ 93.2185 49.4218 116.012 92.7977 63.9764 181.086 169.232 101.805 178.012 105.798 0.529482 0.668334 0.469649 9.82282 9.53669 10.1828 10.2231 10.2023 10.3386 10.1018 9.76909 ⎥
⎢ 92.7934 49.6264 116.154 93.1474 63.9413 181.803  169.09 101.995   178.2 105.061 0.524095 0.518271 0.469563  9.5349 10.1755 9.77915 9.99653 9.51453 10.0165 9.64025 9.36603 ⎥
⎢  93.339 49.5372 116.473 92.7823  63.345 181.563 169.433 101.695 178.156 105.388 0.725948  0.11055 0.378126 10.2592 10.2585  10.194 9.64049 10.2098 10.3402 10.0558 9.52125 ⎥
⎣ 92.9338 49.6383 116.374 93.0225 64.1075 181.107  169.42 101.619 177.615  105.21 0.531542 0.219164 0.990504 9.81839 9.63434 10.0977 9.73418  9.9281 9.90973 9.41619 10.1399 ⎦

