⎡  0.973775  0.562419  0.249637   0.74192  0.153549  0.302328  0.543012  0.570306   0.67331  0.738569  0.719803 0.0548589  0.572373 0.041235  0.777294  0.333387   0.445764 0.0617926   0.637788  0.0875799  0.670066  0.672706  0.658189   0.932363 0.0637235  0.123671   0.088856  0.728336  0.668361  0.939155  0.963491   0.169522 0.831308 0.642269 0.0243747 0.298532 0.613017 0.0633761  0.99488 0.294898 0.991504 0.0606285 0.322136 0.0368413   0.03356 0.722328 0.221841  0.71386 0.299571 0.0255178 ⎤
⎢ 0.0345806  0.607422  0.960043  0.369528  0.855651  0.491787  0.783387  0.379081  0.460698  0.155456   0.22967  0.580707 0.0740368  0.98117 0.0226316 0.0849594  0.0972295  0.383515   0.777947   0.395447  0.363851  0.376415  0.650612   0.733912   0.70081  0.620378   0.145653  0.276788  0.432473  0.919806  0.666163   0.631371 0.340826 0.899741   1.08177 0.851403    1.088  0.601707 0.595339 0.371073 0.581407  0.659184 0.898044  0.382613  0.545911 0.732126  1.00849 0.392409 0.813188   0.47886 ⎥
⎢  0.575615  0.829281  0.726479   0.73504  0.237602  0.876509  0.554052  0.226177   0.12467  0.494153  0.201129  0.167038 0.0831456 0.940124  0.375612  0.580664   0.891478  0.100335   0.758421   0.649373  0.231854  0.702061  0.967691   0.646381   0.25037  0.700495   0.745045  0.343274  0.514783  0.349722  0.084927    0.31645  4.77335  1.00069   2.66437  1.29037  3.03048   0.49278  2.57681  3.72093  1.80612   1.47173 0.874959   1.08325   3.21211  3.64112  3.58345  2.96568  3.45118   3.76474 ⎥
⎢  0.121789  0.358108  0.409088   0.22448  0.218699  0.834422  0.153237  0.938262  0.825682  0.501487  0.277176  0.107586 0.0779755 0.546231  0.533363  0.496427  0.0353405  0.591293   0.317213   0.359925  0.202234  0.565927 0.0172179   0.790472  0.999105 0.0501086   0.319479   0.35968  0.670424  0.596909  0.153387     0.1544  18.1795 0.760827   10.7652  3.24046  12.7588  0.806866  11.9593  15.1956  6.55922   4.37051  1.43881   4.99314   12.9028  17.1766  13.7758  12.7942  16.3485   14.1325 ⎥
⎢   0.66295  0.119056  0.631373  0.862796  0.596857  0.147953  0.484896  0.499141    0.2869  0.826397  0.556665  0.735996  0.919752 0.865368  0.380488  0.417479   0.664347  0.178948   0.572147   0.450438  0.850666  0.875095  0.916645   0.530853  0.847133  0.810998   0.874099  0.820769  0.704618  0.907512  0.866402   0.867477  26.9956  1.54401   16.0932  3.46596  18.4768   0.90742  17.2678  22.7377   9.0498   7.07653  2.05391   7.05563   19.1543  24.8676    20.14  19.3714  24.0601   20.6979 ⎥
⎢ 0.0296542  0.657965  0.664203  0.878724  0.822249  0.747304 0.0654234  0.371404  0.546853  0.548721  0.591818  0.595057   0.29522 0.889102  0.391356  0.362041   0.700177 0.0708391   0.399021   0.879314  0.822889  0.378638  0.322342   0.928791  0.570899  0.209575 0.00749191  0.824239  0.850084  0.712428  0.538292   0.906768  7.11604   1.1821   4.69024  1.41755  5.23126   1.12041  4.53442  5.87152  2.12418   1.52036 0.626479   2.14563   5.14536  6.07546  5.35161  4.92159   6.4076   5.48534 ⎥
⎢  0.613749 0.0681021  0.623747  0.430741  0.444429  0.753864  0.154964  0.139075  0.373166  0.259835 0.0688341  0.932515  0.821072  0.19501  0.713174  0.967337   0.368156  0.714145   0.585296   0.516961 0.0537681  0.776613  0.450667   0.418549  0.253288  0.198342   0.607462  0.297942  0.406251  0.241154  0.561879   0.631131 0.486651 0.518725  0.220294 0.804229 0.908064   0.57659 0.783565 0.148535 0.993506  0.911634  0.38174    0.7208 0.0274053 0.420138 0.218172 0.139323 0.680783  0.037516 ⎥
⎢  0.806971  0.194952   0.27222  0.373146  0.948006  0.100093  0.389485  0.450056  0.121476  0.755893  0.520605  0.963565  0.529398 0.529484  0.144176  0.506742   0.475952 0.0438217   0.710757    0.23405  0.541999  0.559762  0.308797   0.661235  0.266355  0.998407   0.845484  0.999839  0.803554  0.571147  0.164123   0.796352  2.45926  1.00499   1.33017  0.49558   1.6471  0.771189  1.04405   1.4897  1.41562   1.22331  0.40025   0.80604   1.75551  1.71207  1.28936  1.57216  2.29206   1.29063 ⎥
⎢  0.305862  0.664678  0.726299  0.192581  0.614812  0.783102  0.228303  0.103945  0.446032  0.248443 0.0844427  0.173947  0.143296 0.696761  0.470709  0.982203   0.170744 0.0318737   0.879446   0.456757  0.103562 0.0994462  0.590325   0.473323  0.264469  0.146476   0.935782  0.270703 0.0543879  0.689177   0.66104   0.247779  25.5982  1.36699    15.367  3.24447  17.2477   1.12971  15.8179  20.7426  8.00212   5.78242  1.91623   5.89157    17.596  23.3029  18.8171  18.0081   22.847   18.8842 ⎥
⎢  0.221593  0.375679  0.945614   0.48343  0.238379  0.667192  0.682917  0.934884  0.491929  0.416906  0.924211  0.469356   0.59426 0.941584  0.200233 0.0963056  0.0697537  0.541158   0.193871 0.00824171  0.735318  0.316447 0.0193306   0.325695  0.592926  0.560671   0.184037  0.875431  0.110901  0.513613    0.3508   0.881617  114.436  4.09262   67.7927  14.9254  77.7023   4.02167  71.9035  95.4132  36.1245   26.0241  5.44444   28.0196   79.5238  104.723  85.3597  80.2228  101.968   85.0586 ⎥
⎢ 0.0418579 0.0563231 0.0304197  0.331342 0.0409192  0.868018 0.0955107  0.315849 0.0732192  0.659825  0.409805  0.560477  0.119721  0.88235  0.367353  0.332806   0.237131 0.0404229   0.310487   0.579613   0.39188  0.416247  0.619594  0.0323854  0.902952  0.822429   0.157686   0.87584  0.916903 0.0457095  0.605552   0.919511  222.409   7.9345   131.258  28.2802  151.708   6.76043  140.065  184.029  70.5251   50.9215  9.69304   53.0768   155.328  203.435  165.455   156.07  198.151   165.356 ⎥
⎢  0.232277  0.386139 0.0765586  0.242264  0.218879 0.0984917  0.708595  0.298982 0.0604116  0.171299  0.895995  0.623398  0.313089 0.904255  0.912531  0.560621   0.275377  0.895401  0.0799056   0.810279  0.507721 0.0409184  0.376332   0.896893   0.43379  0.519476   0.981028  0.774613  0.611269   0.12976  0.531968   0.801428  229.922  8.76795   136.418   28.711  156.381   7.62168  145.431  190.654  72.8624   53.1585  10.3728   54.7967   160.103  210.104   171.37   161.59  204.403   171.002 ⎥
⎢  0.677766  0.463406  0.536079  0.234346 0.0990859  0.507516 0.0189564   0.57147  0.396308 0.0101727  0.604377  0.674558  0.589875 0.291281  0.117644  0.530587    0.84114  0.706296   0.425756   0.580492  0.866015  0.383265   0.48248 0.00436505  0.905103  0.561367   0.828798  0.717647  0.815245 0.0620384  0.364405   0.296282  124.006  5.05506   73.3938  15.7116  84.9032   4.73789   78.588  103.188  39.4922   28.9892  5.44161   30.3115   86.6529  114.151  92.4172  87.1626  110.367    92.575 ⎥
⎢  0.890335  0.880041  0.448738  0.500096   0.90956  0.689076  0.488895  0.351761  0.427858  0.116355  0.274576  0.564161  0.617813 0.129813  0.673334  0.464047    0.44308  0.145225   0.333808   0.842786   0.58474  0.476952  0.662402   0.768041  0.428181  0.474161   0.590911  0.924454 0.0842602  0.577496  0.346507   0.340523  13.0574 0.460912   7.52771  2.09356  8.81857  0.763222  8.73514  11.4525  4.12193   2.99807 0.831047   3.29436   9.53391   11.639  10.2449  9.84707  11.6958    10.382 ⎥
⎢  0.725686  0.104286  0.236913  0.993026   0.11896  0.985516  0.542653  0.297581  0.330518  0.401524  0.314667  0.860402  0.935799 0.846697  0.500096  0.810743   0.517756  0.642997   0.599842   0.109218  0.719856  0.568477  0.735066   0.298895  0.766448  0.933933    0.12914   0.75836  0.749365  0.264257  0.669276  0.0763581  5.92408 0.698361   3.63758  1.00253  3.80255  0.521902  3.82826  4.66278  2.46175   1.22537 0.366861   1.31627   3.52547   4.6706  4.53224  4.32098  5.03092   3.81662 ⎥
⎢  0.683103  0.808597 0.0766187  0.452807  0.662301  0.109159  0.247634  0.448406  0.938846  0.102073  0.652728  0.690568  0.802788 0.895576  0.566551   0.79701   0.409825  0.680075  0.0549071   0.872935  0.430442  0.222541  0.888599   0.376152  0.214086  0.191784   0.648834  0.839397  0.896431  0.767495  0.815963    0.74873  60.3624   2.3769   35.8289  7.96616  41.0918   1.97676  38.4011  50.4039  19.0347   13.8005  2.79462   14.7638   42.0969  55.5627  44.8471  42.4198  54.2416   44.9982 ⎥
⎢  0.866142  0.151904  0.362157 0.0366107  0.297504   0.43249 0.0580417 0.0257817  0.697923  0.442628  0.876948  0.804442  0.975105 0.574024  0.946983  0.476355   0.647934  0.434359  0.0691567   0.885586  0.098797  0.864888  0.740053   0.879593  0.192014   0.22473   0.650833  0.341269  0.352829  0.709835    0.7211   0.239653   211.21  8.19505   125.328  27.0603  143.819   6.89354  133.168  174.402  66.6238   48.2024  9.25875   50.5956   147.285  192.694  156.999  147.745  187.996   157.109 ⎥
⎢  0.723887  0.687806  0.983838  0.346255  0.875677  0.683685  0.876103  0.188059  0.801849 0.0786878  0.361767  0.626759  0.269622 0.872419  0.343773  0.807162 0.00467056  0.806611   0.612563   0.881227  0.541774  0.413117  0.245844   0.536747  0.231445  0.461107   0.050911  0.912885  0.764628  0.445892  0.934585   0.497067  252.645  9.21499   149.705  31.8098  172.244   8.18726    159.7  209.495  79.4995   58.1093   11.421   60.8155   175.677  231.204  188.295  177.099  224.797   187.508 ⎥
⎢  0.819228  0.425071  0.725942  0.540085 0.0419851  0.718097  0.392121  0.609066   0.80173   0.31388  0.350675 0.0690189  0.691501 0.496572  0.927046  0.987804   0.368824  0.459501    0.89271   0.606526  0.223661 0.0459723   0.99231   0.919902  0.138967  0.497949   0.950586 0.0295819  0.888239  0.641367  0.915471 0.00377501  247.253  8.79024   145.702  30.9249  168.327   8.18125  155.948  204.753  77.7275    56.713  10.9405   59.2211   172.082  225.314  184.132  172.993  219.927   183.542 ⎥
⎢   0.62254   0.48761  0.346228 0.0490144  0.364124 0.0942919  0.109141  0.481179  0.282591  0.474317  0.258003   0.64247  0.925152  0.73473  0.766198  0.527176   0.861932  0.750909   0.517037   0.298007 0.0986113  0.724271  0.559657    0.38555  0.505988  0.602959   0.344242  0.210701  0.531459  0.553201  0.623365   0.937849   148.35  5.79302   88.2311  18.8751  101.556   4.63621  93.6493  123.563  46.8783   34.7363  7.35384   36.2521   103.428  136.297  110.836  104.688  132.772   110.604 ⎥
⎢  0.725666  0.620684  0.860939  0.289772  0.352674  0.975789  0.784163  0.887831  0.468258   0.47017  0.373095  0.720628  0.376476 0.213356  0.686409  0.883098   0.899772  0.699103   0.541429    0.90099  0.709516  0.606732  0.714778    0.25082  0.385812  0.814772   0.159464  0.928076  0.594998  0.546212  0.570729   0.547766  14.7972 0.612688   9.23578  2.53384  10.1841  0.849105  9.74848  12.1797  5.37064   3.93016 0.909738   4.25851   10.3097  13.9107  11.3116  10.6032  13.2256   11.7107 ⎥
⎢  0.851026 0.0616704  0.419358  0.698887  0.507125  0.629871  0.502782  0.405643  0.329622  0.188033   0.45723  0.944588  0.984803 0.214752 0.0855434  0.863996   0.630847  0.433065   0.423357   0.918008  0.119536  0.721807   0.51802   0.351635  0.956127   0.36706   0.479193  0.646222  0.214643  0.327511  0.410716   0.140037  2.72919  1.03176   1.46068 0.929399  1.91594   1.00964  1.55274  2.06979 0.741697    1.2894 0.569272  0.510492   1.61826  2.05369  1.46804  1.81443  2.29066   1.90265 ⎥
⎢ 0.0593277  0.440304  0.932685  0.335366   0.62876  0.844394   0.50264  0.555941  0.737207  0.898016  0.266388  0.837071  0.872608 0.991069   0.41612  0.545813    0.40225  0.905783   0.167876    0.77345  0.916368  0.426424  0.521697   0.246636  0.535989  0.148732    0.75042  0.815842  0.259152  0.574021  0.983065   0.577998  81.7108  3.39801   48.6806  10.5347  55.6173   2.88388  51.5399  67.9019  25.6801   18.7173  3.51636   20.1537    56.912  74.5605  60.2202  56.9897  72.2831   60.8646 ⎥
⎢  0.435611  0.731585  0.128036  0.218104  0.736362  0.340432  0.949514  0.864134  0.775278  0.217929  0.743639  0.789165  0.744662 0.564085   0.16671  0.289024   0.841862  0.579778 0.00939643    0.97778 0.0852231  0.570326  0.043268   0.655967  0.447306  0.763587   0.631357  0.198504  0.921301  0.632578 0.0638528    0.15902  213.231   7.6036   126.564  27.1485  145.133   7.25221  134.441  177.001  67.3381   48.7738  9.93334   51.3288   148.568  195.069   159.54  149.939  189.637   159.372 ⎥
⎢  0.893004  0.255341  0.566006  0.503477 0.0925292  0.360566  0.439524  0.915014  0.656474  0.890315 0.0500571  0.183877 0.0458128 0.092299   0.78955  0.032385   0.498809  0.897585   0.595386   0.669274   0.37652  0.811543  0.141724   0.727804  0.169249  0.962697   0.100526  0.717944  0.767745  0.174589  0.284422   0.368594  248.536  9.12868   147.049  31.3772  169.643    7.7699  157.005  206.324   78.193   57.1032  11.5273   59.7976   173.552  227.777  185.339  174.765  221.844   185.277 ⎥
⎢  0.946754  0.957722 0.0391497  0.197244  0.199426  0.241821 0.0457227  0.902527  0.109351  0.149108  0.321129   0.16101  0.587131 0.478439  0.704353  0.380838    0.97091  0.296116   0.722753   0.740368  0.844659  0.918729  0.275961   0.409055  0.205575 0.0826972   0.149363 0.0764451  0.106535  0.518375 0.0642748  0.0178109  256.132  9.85574   152.023  32.5271  174.598   8.61163  161.465  212.186  81.1216   59.0248  11.7156   61.3618   178.071  234.491  191.094  179.836   227.66   190.314 ⎥
⎢  0.648411  0.118066  0.509916 0.0671246  0.682334 0.0338611  0.528514   0.58777 0.0387207  0.450915  0.858763  0.369031  0.656796  0.80947  0.541059  0.528856    0.53095  0.295879   0.988145  0.0854169  0.569242  0.348954   0.78952   0.273355 0.0290514  0.155633   0.750388  0.506234  0.866516  0.765788  0.227247   0.278836  123.857  5.00633   72.7698  15.5614  83.8527   4.48233  78.0453  102.701  39.5213   28.9568    6.285    30.251   86.1776  112.947  92.6385  86.6518  109.595   92.3102 ⎥
⎢  0.415244  0.831916     0.294  0.972829  0.812681 0.0615451  0.641259  0.384663  0.161344  0.345639  0.719695  0.187322  0.860828 0.332104  0.466759  0.171667   0.383654  0.251137   0.776361    0.11835  0.279329  0.232689  0.115577   0.999751  0.674178  0.911866   0.357443  0.790199  0.209101   0.84213  0.387336    0.67703  7.97409 0.525746   4.98214  1.82103  5.07503  0.300807  5.31255  6.56878  2.79899   1.84568 0.438853   2.70626   5.74883  6.71965  6.02431  5.43143  7.30138   6.25776 ⎥
⎢  0.953938  0.992247  0.323331  0.710612  0.868629  0.677633  0.312939  0.902213  0.257047  0.132599  0.673302  0.389636 0.0256025 0.980638  0.100044   0.52185   0.599103  0.427282   0.301402   0.830528   0.95466  0.393898  0.255312   0.389991  0.627671  0.536864   0.095342  0.116638  0.390971  0.953504 0.0302654    0.44111  4.62033  0.97209   3.27347 0.738293  2.97857  0.789893  3.16566  4.37825  2.28103   1.68394 0.497561   1.77656   2.99704  3.89755  3.38319  3.46471  3.94486   3.32516 ⎥
⎣  0.415965  0.345499   0.79578  0.945944 0.0836676  0.451946  0.451955  0.181044  0.604084  0.385947  0.330283   0.05756   0.70014 0.699395  0.252163  0.788715   0.213626  0.373205   0.805966   0.976883  0.770059   0.44952  0.989519   0.836968 0.0511409  0.211952   0.140551 0.0263386 0.0348462  0.821147  0.134233   0.290858  106.983  4.22878   63.4861  13.9543  73.4143   3.96636  68.2247  89.3084  34.0615   25.1709  4.67218   26.3133   74.5941  98.6183  79.9154   75.775  95.3332   79.6163 ⎦

⎡   0.990204  0.668774  0.121388 0.0889124  0.779796   0.86735  0.475419  0.46823    0.363679  0.932148 0.0168024  0.215454  0.939339  0.170015    0.92554   0.338262 0.426002   0.202307 0.0103314   0.191685 0.0782197 0.427761 295.634 27.8764 76.4202 265.913 172.592 254.764 2.90316  145.48 65.9021 ⎤
⎢  0.0919959  0.445284 0.0429149   0.56014  0.589744  0.663955  0.614298 0.753703   0.0362444  0.279878  0.444369  0.122182  0.514639  0.263529     0.7229   0.408176 0.962208   0.469432  0.056696   0.921074  0.757164 0.809521 297.331 28.0918 76.1328 266.954 173.122     255 2.99207 145.375 66.2277 ⎥
⎢   0.253127  0.180333  0.453863 0.0885245 0.0645765 0.0280738  0.639626 0.340036    0.658938  0.853647  0.631699  0.988455  0.888141   0.88321   0.947102   0.975366 0.317902   0.824183  0.851173  0.0827627  0.737628 0.913146 297.341 28.2804 75.9701 267.917 173.415 255.403 3.37762 146.036 66.2838 ⎥
⎢   0.890763  0.850431  0.805237  0.360041  0.794072  0.392618  0.511074 0.715077     0.65915  0.416746  0.985481  0.358064  0.338704   0.49668  0.0264431   0.846807 0.383714   0.316242  0.583719 0.00764128   0.54709 0.497698 297.604 28.2923 76.5685 267.769 173.617 255.738 2.79445 145.659 66.0689 ⎥
⎢   0.576219  0.671865   0.79316  0.393312  0.396009  0.276736  0.798809 0.235027  0.00846127  0.277975  0.130819  0.679995  0.589509  0.720597   0.575607   0.460774 0.199876   0.186133  0.726279   0.662491  0.417928 0.333194 297.859 27.6645 76.7321 268.097  173.32 255.488 3.54726 145.724 66.0663 ⎥
⎢    0.85114  0.881064  0.849339  0.162137  0.286676  0.568236  0.822467  0.20697    0.416609  0.327125  0.999217 0.0918338  0.017032  0.406609   0.900639    0.77562 0.682496   0.113637  0.334318   0.959064  0.219652 0.812181 297.102 27.6082 76.6596  267.85 172.987 256.208 3.21924 145.442 65.3585 ⎥
⎢ 0.00905848  0.571246  0.293696  0.177592 0.0648633  0.699988  0.935586 0.801309    0.506515  0.526162   0.71842  0.988449  0.293807  0.328558   0.308821  0.0649816 0.702639   0.348041  0.963624   0.477176  0.941855 0.404115 296.476 28.1924 76.2721 267.463 173.353 255.353 3.58114 145.166  65.735 ⎥
⎢   0.484553  0.897655  0.341065   0.19523 0.0895427  0.262748  0.884303 0.758784    0.646106  0.728338  0.224069  0.112279  0.180443  0.360683   0.019982   0.666922 0.842998   0.561898  0.895464    0.68971  0.307807 0.462366 297.197 27.9381 76.1392 267.355 173.586 255.859 2.84068 145.536  65.554 ⎥
⎢   0.217859  0.160351  0.808004  0.955066 0.0451566 0.0313522  0.475062 0.402126 0.000422655  0.515258  0.584624  0.802765  0.103922  0.491241   0.807557  0.0582076 0.419394   0.521388  0.497179   0.878871  0.370038 0.560039 297.697 27.7502 76.7802 267.895 173.536 255.927 3.37904 145.558 65.4755 ⎥
⎢  0.0486488  0.822162  0.433336  0.368398  0.272365  0.182577  0.381873 0.306037    0.949665 0.0470463  0.759699  0.172108  0.281319   0.15635   0.650187   0.590812 0.161382   0.674476 0.0812618   0.305564  0.837164 0.274722 297.473 27.9117  76.747 268.106  172.92 255.674 3.12555 145.465 66.3225 ⎥
⎢   0.843566  0.104626   0.76794  0.959214  0.431389   0.76274  0.146274 0.754656    0.542997  0.329798  0.935273  0.812566   0.13758 0.0689294   0.447369   0.212051 0.187308  0.0983005  0.268815    0.55243 0.0748268  0.71839 297.269 27.9712 76.1157 267.825 173.666 255.832 3.31902 145.855 65.7833 ⎥
⎢    0.27249  0.487123 0.0655499  0.515469  0.603649 0.0175135 0.0538158 0.204559    0.607965  0.268834  0.129322  0.580074  0.334348  0.789509 0.00251999   0.176353 0.781016   0.844184    0.3134   0.578534  0.536631 0.470318 297.242 28.5831 76.5287 267.338 173.316 255.956 3.17623 146.345  65.378 ⎥
⎢   0.196873  0.835543  0.570924  0.066697  0.950876  0.873037  0.356333 0.814815    0.231102  0.691494   0.68392  0.990409  0.228486  0.949629   0.151201   0.594892 0.330238   0.511678  0.846115  0.0889811  0.324746  0.60213 297.302 28.0627 76.4144 267.963 173.815 255.795 3.41747 145.634  66.119 ⎥
⎢   0.358322 0.0230401  0.820235  0.434183  0.487569  0.871963  0.650572 0.390473    0.427901  0.199157  0.746118 0.0414461  0.129078  0.559311   0.379706    0.82219 0.590956 0.00487202  0.413031   0.382723  0.546807 0.144312  297.06 27.9061 76.5919 267.983 172.907  256.29 3.21375 145.532  65.649 ⎥
⎢   0.710682  0.301594  0.707888  0.356663 0.0775707  0.895635  0.635212 0.438644    0.649047  0.798368  0.530937  0.140808  0.673613  0.986396   0.910425 0.00462322 0.254524   0.653377    0.9683   0.861881  0.340048 0.237249 297.341  27.667 76.8994  268.01 173.586 255.904 2.92691 145.845 65.7284 ⎥
⎢   0.805044 0.0677473  0.429943  0.290713  0.269136  0.579663  0.966744 0.694038    0.680932  0.483141  0.384899  0.182599 0.0288253 0.0613789   0.260425   0.433376 0.332427   0.409649  0.958898   0.937873  0.357188 0.526224 297.306 28.1695 76.0294 267.872 173.521 255.681 3.61725 145.811 65.4357 ⎥
⎢   0.460797   0.80154  0.879403  0.956337  0.753412  0.183262  0.230359 0.336993    0.702894  0.692765  0.499071  0.123365  0.154846  0.204378   0.963422   0.350627 0.425724   0.102605  0.497105   0.499468  0.195917 0.820616 297.146  28.159 76.0507 268.064 173.051 255.893 3.04415 145.782 66.2566 ⎥
⎢    0.84785  0.951465   0.15082   0.83761  0.379945  0.752428  0.496099 0.616772    0.704295  0.959332  0.794356  0.213978  0.172999  0.288868   0.205559   0.437641 0.463853   0.511648  0.477957   0.679458  0.997853 0.867764  297.47 28.4644  76.861 267.777 173.687 255.456 3.32167  146.13 66.1767 ⎥
⎢    0.94642  0.973201  0.475626  0.419293  0.426654  0.562082  0.195231 0.567278    0.154953  0.542646  0.978964  0.708027  0.151781  0.633012   0.434557   0.207964 0.264237    0.93458   0.87409   0.793905  0.324917 0.480667 297.835 28.4558 76.7986 267.363   173.5 255.496 3.06101 145.475 65.8771 ⎥
⎣   0.789562 0.0550578 0.0572083  0.595011  0.991537  0.863272   0.28369 0.590856    0.264545  0.897294 0.0133898 0.0172506  0.922981  0.828353    0.14403   0.872554 0.643328   0.409588   0.65044   0.402036  0.211798 0.164151 297.833 28.4657 76.8065 268.199 173.741 255.352 2.95807 146.025   65.94 ⎦

⎡  0.783217 0.907121 0.0845411 0.930673  0.353507  0.221683 0.361597 0.912306    0.861407  0.840396 0.0152039  0.404934   0.124751 235.594 135.675  219.76 117.898 28.8208 48.7463 209.133 24.3646 ⎤
⎢  0.450302 0.190412  0.497168 0.478806  0.447968 0.0735117  0.45378 0.926122 0.000492072 0.0186458  0.537248 0.0928842    0.38652 235.096 135.206 219.667 117.643 29.5432 48.4127 209.436 23.8113 ⎥
⎢  0.729313 0.782447  0.956643 0.689946  0.175984   0.77457 0.167713 0.371365    0.758179  0.767098  0.398002  0.750357 0.00471395 234.978 135.093 219.086 117.339 29.5235 48.6599 208.633 24.3015 ⎥
⎢  0.390517  0.87879  0.648926 0.428855  0.525522  0.505136 0.854217 0.190616   0.0380372  0.858413  0.755387 0.0569168    0.30993 235.337 136.013 219.506 117.648 29.2435 48.2316 208.788 24.4761 ⎥
⎢ 0.0952964 0.904139  0.320405 0.456843  0.488975 0.0450193 0.867795 0.654069    0.986056  0.643558   0.67343  0.815979   0.872623 235.285 135.932 219.529 117.888 28.7269 47.8469 209.181 24.6336 ⎥
⎢  0.159215 0.373889   0.37029 0.774062  0.367391  0.893401 0.551218 0.625949    0.771014  0.265268  0.858742  0.966456   0.903534 235.931 135.755 218.821 117.679 28.9958 47.9259  208.95 24.0092 ⎥
⎢  0.695011 0.141127  0.366439 0.861114  0.966291  0.706821 0.897327 0.100789    0.336356  0.694745   0.59495   0.52308  0.0915521  234.99 135.338 219.567 117.399  29.094 48.4903 209.256 23.9732 ⎥
⎢ 0.0793272 0.951613 0.0273712 0.177947  0.943731   0.93535 0.759845 0.291576    0.587353  0.248128  0.149979  0.184915   0.681789 235.796 135.555 219.332 118.007 28.9102 48.1834 208.782  23.952 ⎥
⎢  0.580121 0.563366  0.652929 0.657355 0.0460569  0.354237 0.439287 0.148471    0.680373  0.403519  0.352252 0.0701474   0.755628  235.89 135.868 219.115 117.493 29.3058 47.9042 209.087  23.929 ⎥
⎣ 0.0344474 0.143958 0.0318649 0.201568  0.582132  0.281513 0.470842 0.371684    0.363736 0.0654476  0.459519  0.851521   0.420449 235.968 135.675 219.373 117.797  29.306 48.2711 209.415 24.1799 ⎦

