⎡   0.466456  0.620988   0.855153  0.429358  0.655048  0.606293  0.931866  0.881009  0.638199  0.194687    0.647481  0.993316   0.54088  0.998938  0.603702  0.127214  0.112432   0.917284  0.230095  0.810841  0.0348064   0.97166   0.819773  0.383256   0.65734   0.68921  0.386728  0.578808   0.95729    0.24679   0.293923 0.533751 0.503092 0.401825 0.795866 0.307303 0.893713 0.371304  0.606029  0.645289 0.104776 0.0966401 0.459658 0.229905 0.712953 0.150992 0.176882 0.320393 0.292663 0.603422 ⎤
⎢   0.434466   0.84955   0.408208  0.294835  0.338074  0.356583  0.652622 0.0412393  0.541568  0.133842    0.437848  0.218285  0.544269  0.635307  0.913599  0.790811  0.366395   0.647089  0.428225  0.726419   0.754513   0.36318   0.743577    0.9891  0.503047  0.805761  0.224168  0.993629  0.697168   0.800636   0.114729 0.664957 0.888654  1.12523  1.04606 0.702929 0.329773  1.01316  0.450078   1.06817  1.03617  0.313255 0.988125 0.293752 0.742773 0.386695 0.289782 0.531576 0.372339  1.19463 ⎥
⎢   0.439246  0.724502   0.140532  0.841926  0.305194  0.200118  0.879798 0.0224309   0.04647  0.784129    0.746563  0.524606  0.252539  0.148325  0.605812  0.862865  0.886776   0.217261 0.0507604  0.686599   0.743543 0.0902808   0.506103  0.812749  0.491011 0.0156463  0.974456  0.350177  0.804935   0.479894  0.0872391 0.416808  2.43938  2.35953  3.04285  2.44138 0.743752  3.92942   1.93332    3.6056  5.90546  0.645292 0.754868  2.66574  5.80571  2.37946 0.899207  0.73264   3.2338  4.71984 ⎥
⎢   0.421796 0.0620397   0.101414  0.954275  0.965465  0.271876  0.991458  0.688398  0.112881  0.131569    0.132073  0.577284  0.399766  0.173992  0.262351  0.221782 0.0505806 0.00905795  0.367884  0.298303   0.327816  0.611495   0.843087  0.913775  0.277195  0.118028  0.729687  0.030204  0.961568   0.686132   0.177441 0.828819  11.5238  10.8612  11.5306  11.1901  3.65939  17.8254   5.55048   17.1217  25.1501   3.07593  4.07972  9.76841  24.9483  7.90718 0.320576  1.46249  15.2935  19.6835 ⎥
⎢   0.115673    0.3198   0.399294  0.612492 0.0774134  0.341842  0.579245  0.230123 0.0998857  0.553813   0.0665398 0.0114933  0.685158  0.257298 0.0539007 0.0151478  0.757253   0.208665  0.744405  0.710671 0.00832765  0.385672  0.0980919  0.784548  0.682549  0.931771  0.775128  0.552638  0.243767   0.315206  0.0486556 0.185787  18.0538  16.0908  16.6349  16.0736  4.92575  26.9469   8.14775   25.7694  37.0349   4.47504   5.2578  14.4041  35.8879  11.8159 0.574004  1.20397  22.2773  29.6893 ⎥
⎢   0.724311  0.429489   0.054225  0.184752  0.412305  0.227716  0.829978  0.507622   0.18828  0.721721    0.884813  0.759323  0.571176  0.676223  0.429231  0.233287  0.736475   0.733875  0.290178  0.322913    0.13959 0.0911256   0.331675  0.401518 0.0412612  0.658332  0.576608  0.579931  0.828287   0.727119    0.22336 0.593599  4.92703  3.91805  3.92266  3.95368   1.5398  6.95257   2.39417   6.43648  9.80445   1.69643  1.75431  3.38932  9.55879  3.59699 0.976844  1.28157  5.44565  7.39877 ⎥
⎢   0.202323  0.374096   0.503384  0.683909  0.518796 0.0275826  0.427988  0.224582  0.249251  0.683909    0.371028  0.950491  0.612217  0.815732   0.30768  0.855804  0.677025   0.582294  0.934234  0.231062   0.218049  0.882705   0.262319  0.221611  0.617253  0.948136  0.771278   0.82269  0.380849   0.902491   0.850871 0.347217 0.685521 0.447919 0.838208 0.112776 0.511571 0.530355 0.0694271 0.0342324  0.20184  0.211962 0.604437 0.782909 0.378295 0.808652 0.729084 0.789469 0.814475 0.948061 ⎥
⎢   0.680399  0.174482   0.713973  0.788102   0.45751  0.421409  0.702814  0.172615  0.726659  0.520627    0.184243 0.0656135  0.954422  0.685058  0.662703  0.265513  0.608464   0.594223  0.461522  0.664469   0.463354  0.362672   0.208941  0.500816  0.903161  0.358046  0.283099  0.568599  0.711418   0.152015   0.624059 0.241982  1.13181  1.23281  1.12895  1.65437 0.921348  1.95821   1.22598   1.65099  2.73082    1.1935  1.19151  1.42685  2.76684  1.51276 0.876042 0.561463  1.64515  2.10714 ⎥
⎢    0.99398  0.808209   0.668438  0.131363  0.774099  0.933821   0.16054  0.870169  0.476311 0.0290863   0.0636822  0.246381  0.433877  0.231571  0.282889  0.318222  0.636747   0.879163  0.780789  0.627254  0.0572732  0.456571   0.392176  0.586322 0.0874116    0.8719  0.541395  0.394939  0.568401   0.079717   0.332768 0.845716   16.673  14.7565  14.9233  15.1707   4.3233  25.4504   7.55372   23.6594  34.0718   4.17309  5.45725  13.4669  32.9822  11.0074 0.919179  1.79274  21.0628  27.6528 ⎥
⎢   0.117394  0.772533    0.29237    0.7896  0.891072  0.419551  0.953919  0.700972  0.523476 0.0737006 0.000762199  0.484865  0.714296   0.94002  0.954276  0.863632 0.0146688   0.609108  0.909903  0.688908   0.130217  0.767573   0.640936   0.83844  0.146374  0.927785  0.309853  0.195513  0.265157   0.529729  0.0953217 0.487448  73.3285  68.2886  68.8801  66.7927   18.417  113.862   32.0977   107.127  155.216   19.2753  22.1817       59   152.37   50.193  2.11191  5.55074  93.0049   123.84 ⎥
⎢   0.141533  0.243115  0.0850064  0.986195  0.920327  0.200714  0.392567  0.412183  0.787961   0.35836    0.559823  0.317052  0.352595  0.155918  0.475104  0.685547  0.383743   0.209506  0.312127  0.631552   0.509641  0.837908   0.339153  0.102152 0.0895116  0.647653  0.934059  0.882217  0.840885   0.223694   0.734659 0.559204  141.859  132.713  133.745  128.656  35.3237  220.118   61.9364   207.094  302.982   36.6037  43.6867  114.308  296.736  97.2878  3.05939  10.3081  181.808  241.032 ⎥
⎢   0.375223  0.575257   0.891673  0.910502  0.540135  0.774588  0.401013   0.41141  0.400438  0.427327    0.898351  0.545859  0.696922  0.364622  0.809631  0.839486  0.145756   0.480394  0.832798  0.465897   0.392435  0.447472   0.386505  0.382588  0.685473  0.598032  0.636479  0.467482  0.816507   0.775533   0.459515 0.347189  147.175  137.035  138.339   132.77  37.0823  227.706   64.1867   214.499  312.829   37.2509  45.0916  117.846  306.367   100.34  3.12755  10.5253  187.785  249.388 ⎥
⎢   0.974895   0.81054   0.387106 0.0215539  0.998532  0.826881  0.271713  0.453403  0.934635  0.340989    0.382458 0.0388534  0.971253  0.104529  0.240332   0.76433 0.0859931  0.0672751  0.330205 0.0352372   0.326661  0.291277   0.568085  0.209929  0.230561   0.65952  0.874965  0.858435 0.0975132   0.791502   0.174469 0.874634  79.6411  74.6534  75.4225  72.0521  20.0511  123.931   35.1129   116.172  169.452   20.7464   24.231  64.1255  165.631  54.8122   2.1106  6.42233   101.76  135.068 ⎥
⎢   0.319234  0.424434   0.979563  0.954329  0.130015  0.318234  0.829161   0.44119  0.936163  0.283437    0.884626 0.0287321  0.357053  0.244597 0.0545639  0.946232  0.448987   0.387178  0.318757  0.390134   0.776337  0.952674   0.189427   0.25627  0.615783  0.767378  0.187753 0.0446881  0.100178   0.660633   0.676862 0.202446  8.92463  7.60749  8.13414  7.87165  2.79448   13.247   4.03725   12.5328  18.0415   2.27838   2.8676  7.47442   17.563  5.81984 0.281172  1.10266  10.9182  13.8829 ⎥
⎢ 0.00737508  0.458123   0.776553  0.147704  0.612087  0.172549  0.771552  0.444762  0.431946  0.321182    0.683132   0.91245  0.659664  0.816226  0.582962   0.36603  0.500485   0.553965   0.51107  0.745879  0.0872595 0.0112733    0.81291  0.709275  0.740895  0.135007    0.3954  0.890486  0.348371   0.999393   0.175756 0.641518  4.12131  3.68926  3.11978  3.57868   1.6716  5.46765   1.77052   4.83109  6.95539  0.921076  1.83192  3.16467  7.11442  3.01051  0.49137 0.832618  4.84036  6.09606 ⎥
⎢  0.0324567  0.646981   0.623234  0.941115  0.931627  0.656772 0.0149465  0.258093  0.643534  0.841515     0.46654  0.519789  0.187781  0.611992  0.976545 0.0604189  0.390685    0.99334  0.224035  0.852033   0.774919  0.448549   0.467269  0.044209  0.569105  0.623894  0.761182 0.0990735  0.504687   0.502453  0.0205089 0.727796   39.076  36.7435   36.193   35.265  9.52239  59.8085   17.1311   56.5762  82.6132   9.89409  12.1536  31.6906  80.6327  26.9496   1.4448   3.3588  49.1517  65.5448 ⎥
⎢    0.59503  0.501915   0.809484   0.50528  0.778838  0.527504  0.447457  0.901437  0.385336  0.797417    0.746411  0.888029  0.209299   0.87757  0.310826  0.925215  0.227417   0.371589  0.876637  0.302816   0.942505  0.726505   0.418796  0.988539  0.100784  0.378446  0.677201  0.991436  0.153377   0.781606 0.00550253  0.37474  134.998  125.853  126.601   121.65  33.3278  209.137   58.9557    196.33  287.342   34.4111  41.3761  108.807   281.58  92.4154  2.51647  10.1084  172.422  228.419 ⎥
⎢   0.791844 0.0372387   0.980256 0.0948228  0.871422  0.597468  0.590391  0.541212  0.578568  0.247197   0.0119831  0.768655 0.0263612 0.0379845   0.86796  0.114577  0.994676   0.366938  0.784244  0.515815   0.147322 0.0149392  0.0679003  0.201919   0.46097  0.240527   0.39317  0.461286  0.199043   0.898328   0.615881 0.375273  161.352  150.256  151.932  146.261  40.0126  250.466   70.0141    235.27  343.086   41.2355  49.5939  130.291  337.068  110.968  3.43264  11.8144  205.815  273.754 ⎥
⎢   0.201357  0.821512   0.664464  0.339565  0.976132  0.106723  0.113719  0.103014  0.350314 0.0627637    0.621526 0.0405573  0.329746  0.148784  0.561538  0.459291  0.592654   0.135495  0.665998  0.554218  0.0413116  0.362971   0.301653  0.508174 0.0518996 0.0427114  0.296144  0.536535  0.500332  0.0294714    0.96958 0.182101  157.891  147.574  148.845  143.094  39.7322   245.17    68.519   230.039  336.343   40.0401  48.4782  126.679  329.061  108.031  3.17687  11.7981  201.549  267.262 ⎥
⎢   0.527088  0.429913 0.00283881  0.687942  0.775218  0.150811  0.918482  0.367202  0.701023  0.713612    0.503846  0.616097   0.77781  0.785162  0.164709  0.948782  0.329911   0.481626  0.508983  0.442392   0.058262  0.692743   0.783314  0.326906  0.024077  0.763527  0.463734  0.668358 0.0483109  0.0958501   0.891811 0.808913  94.9453  88.5361  89.3309  86.4383  23.6922  147.682   41.4783    138.69  202.136   24.3603  28.7665  76.1982   198.92  65.7894  2.34691  6.59083  120.983  161.203 ⎥
⎢   0.126797  0.567813   0.653007  0.249048   0.15433  0.776885  0.685242  0.814765  0.948155  0.126837    0.799273  0.954016  0.364399  0.767024  0.353345  0.663688  0.809072   0.477998  0.044788  0.766345   0.346864  0.398159   0.619351 0.0158626  0.942348  0.687225 0.0460637  0.230301  0.595441   0.603594  0.0313008  0.63366  10.1355  9.34843  8.74917  9.24288  2.33974  14.9802   4.72818   14.2227   20.671   2.57871  3.12107  8.14827   20.216  6.84538 0.450046 0.727644  12.0843  16.6656 ⎥
⎢   0.360349  0.433051   0.616701  0.394784  0.209836  0.874645  0.400278  0.188257   0.88807  0.846531    0.523492  0.473845 0.0351199  0.793143  0.876934  0.133013  0.417318   0.811447   0.96472  0.902396   0.978399  0.198579   0.549316  0.720941  0.661042  0.594415  0.213816  0.466293  0.459073  0.0267204   0.815518 0.927283  1.99266  1.83403  2.02818  2.04539   1.2109  2.14919  0.890044   2.37485  3.12671  0.778163 0.384638   1.0859  2.88322  1.47898 0.783566 0.939265  2.06631  2.56398 ⎥
⎢   0.825704  0.418774   0.392454  0.723101  0.472763  0.497857 0.0797251  0.113264  0.290836  0.913958    0.287387  0.343158 0.0118214  0.986386  0.352694  0.957843  0.546997   0.864959   0.57972  0.154364 0.00274379  0.229019 0.00571042  0.386274  0.664476  0.463458  0.149179  0.937904  0.788074   0.660524    0.83317 0.574071  51.6774  48.1502  48.8406  46.8193  13.1061  80.9217   22.7915   76.1462  110.026   13.2474  15.9481  42.2455   108.74  35.6147  1.73199  4.55549  66.1027  87.6902 ⎥
⎢    0.95728  0.514695   0.660627  0.258821  0.699863 0.0945742  0.684815  0.513835  0.219014  0.437341    0.600076  0.782313 0.0409658  0.898754  0.790922 0.0352629  0.567079  0.0338884  0.789925  0.475984  0.0128787  0.978432   0.322879 0.0622073  0.670921  0.967296  0.428168  0.400652  0.100263   0.772006   0.704105 0.312192  136.368  127.565  128.755  123.315  34.7217  211.559   59.2963   198.856  290.541   34.6354  41.5118  109.959  285.298   94.024  2.20746  10.0506  174.367  231.632 ⎥
⎢   0.966201 0.0721502   0.136083   0.39981  0.361897  0.567081  0.264372  0.869041  0.514272   0.88202    0.194434  0.364006 0.0112799  0.734636  0.998049  0.398033  0.313424   0.218348  0.852812  0.609155   0.839961    0.5064    0.82325  0.207888  0.440718  0.142118   0.62923  0.790092  0.978759 0.00193895   0.469093 0.177044  158.712  148.028  149.954  144.029  39.8009  247.126   68.8712   231.623  338.601   40.8266  49.0451  128.361  331.766  109.196  3.39291  11.0873  203.323  270.175 ⎥
⎢  0.0220475  0.273725   0.577377  0.522118  0.375793  0.710903  0.864275  0.210794  0.797008  0.157396    0.812188  0.107697    0.1495  0.921708  0.540664   0.50383  0.966879   0.572437  0.957452  0.286417   0.445475  0.264287   0.283364  0.252161  0.317337  0.890078  0.725008  0.782641  0.943202   0.520392   0.583015  0.26122  163.817  152.111  154.171   148.04  40.6453  254.157   71.7045   239.049  348.075   41.7781  50.1956  131.339  341.611  111.873  2.58063  12.1266  208.809  277.182 ⎥
⎢  0.0763969  0.599689    0.11157  0.392899  0.165362  0.307361  0.842438  0.603437  0.988018  0.277146   0.0614311  0.752565  0.402089    0.8688   0.60321 0.0787515  0.524668   0.904738  0.949209  0.344296   0.668172  0.139493   0.163396  0.125227  0.398319  0.873287  0.642582  0.865837  0.436744   0.979987   0.265664 0.197754  78.9647  73.5057  74.8754  71.9721  20.4154  122.701   34.2148    115.12  167.568   20.4867  24.5779  63.6973  164.532  54.1592  1.58906   6.1689  100.349  133.569 ⎥
⎢   0.532258  0.859549   0.692893  0.524191  0.778607  0.397734  0.415855  0.784312  0.215435  0.248835    0.260305   0.93636   0.61351  0.638444  0.748428  0.674532  0.549567   0.494322  0.775684  0.147722   0.506446  0.134283   0.931601  0.221785  0.772742  0.348989  0.287374   0.04273  0.143721   0.217714    0.43734 0.355254  5.26349   5.2124  4.82491  4.99986  1.33044  7.87407   2.21381   6.88826  10.5374   1.40798  1.45268  4.02381  9.81621  3.94953 0.688828   1.2538  5.99726  8.66597 ⎥
⎢   0.420478  0.754238    0.93183  0.208935  0.666414  0.703762  0.384454  0.714979  0.726685   0.73899    0.440979  0.810749  0.394516  0.965253  0.601014  0.523735  0.824041   0.900297  0.747704  0.767547   0.899174  0.321757   0.217082  0.568561  0.381657  0.555227  0.918811  0.276137  0.205485   0.269193   0.664476 0.131803  3.49964   2.5291  3.17323  2.52131  1.31294  4.89237   2.15287    4.2488  6.52808   1.02573 0.818443  2.94478  6.29893  2.73512 0.570633 0.255641  4.35546  5.22169 ⎥
⎣   0.491957  0.566631   0.789512  0.461334  0.847592  0.930862  0.836803 0.0969524  0.965216  0.568665    0.373311  0.722662  0.842457  0.682871  0.695517  0.228108 0.0844624   0.371478  0.199832  0.708297   0.458812 0.0518087     0.4871 0.0490983  0.590957 0.0279213   0.14132  0.174708  0.976372   0.686286  0.0898956 0.454646  68.5664  63.7769  64.7041  61.9455  17.6181  106.882   30.2881   100.093  146.392    17.629  21.1847  55.1265  143.134   47.638  1.67818  4.82507  87.2387  116.856 ⎦

⎡  0.025647  0.734705  0.415133  0.728194  0.943682   0.809999  0.299045  0.398392  0.476539     0.43488  0.139459  0.371981  0.19209   0.992657  0.783456 0.699126  0.513647 0.0988835  0.661591  0.775108   0.366231   0.91263 10.5179 272.493 234.268 383.666 19.3703 279.244 283.985 192.213  30.036 ⎤
⎢  0.680818   0.44647 0.0976985   0.59916  0.771563   0.737101  0.742085  0.281313  0.212036    0.735465   0.82132   0.91025 0.638276   0.864803  0.820694 0.639926  0.908009 0.0948962  0.155535   0.25373   0.757297  0.763613  10.298 272.162 234.586 383.825 19.1504 278.817 284.422 191.765 29.7349 ⎥
⎢  0.585313  0.086939  0.520698  0.683389  0.665567   0.953353   0.42905  0.316021  0.152612    0.129421  0.105856  0.313111 0.108602    0.60347   0.61059 0.746603  0.938281  0.720421  0.982001  0.360237   0.132082  0.874329 10.3211 272.613  234.03 383.973 19.6936 279.191 284.299 192.179 29.1588 ⎥
⎢  0.958893 0.0595334  0.325515  0.236897  0.418883   0.240047  0.454633  0.537994 0.0624656    0.456601  0.342411  0.455034 0.478619  0.0134567  0.571348 0.667941   0.64922  0.612412   0.16394 0.0711489    0.87336   0.70402 10.8979 272.343 234.535 384.163 19.4784 278.867 284.561 191.438 29.4315 ⎥
⎢ 0.0478275  0.892931  0.985492  0.803332   0.65601    0.35809  0.446934  0.361684  0.462783     0.74118  0.286604  0.256709 0.346073   0.194159  0.450838 0.351774  0.983484  0.159653  0.661541   0.75951   0.649905  0.383575  10.878 272.587 234.953 384.163 19.6327 279.158 284.551 191.752 29.3463 ⎥
⎢  0.696682  0.390806  0.815942  0.848883  0.246025   0.736042  0.053351   0.29871  0.567973    0.934038  0.457548  0.667119  0.63671  0.0155248   0.48875 0.531777 0.0939619  0.792928  0.654553  0.144288   0.134285  0.826374 11.0227   272.5 234.791 383.553 19.1307 279.635 284.406 191.821 29.6961 ⎥
⎢  0.709779  0.435036 0.0444994  0.726622  0.744267    0.92883  0.689534  0.832487  0.836467    0.244891  0.257192  0.433495 0.525081   0.326525  0.820693  0.53606  0.169786  0.433211  0.101452  0.771831   0.570979  0.105971 11.1788 272.936 234.715  383.48 19.3276 278.481 284.412 191.824 29.4176 ⎥
⎢  0.478712  0.659642   0.89709   0.72561   0.12833   0.335203  0.861157  0.340196  0.146407    0.877243  0.692695  0.153989 0.643797   0.509635  0.754852 0.615161  0.863231  0.467556  0.850233  0.357546   0.499559  0.366358 10.8077 272.915 234.362 383.392 19.1919 279.102  284.12 191.642 29.6507 ⎥
⎢    0.0729  0.707332 0.0766483 0.0687318  0.330978   0.989652  0.931533  0.655511   0.64639    0.243174  0.219248  0.716687 0.329348   0.180314  0.519923 0.579521  0.304154  0.742385  0.820152  0.628297   0.659534  0.390851 10.7198 272.876 234.359 384.286 19.1864 279.304 284.899 192.024 29.6802 ⎥
⎢   0.49692  0.946698  0.200465  0.372562  0.997061   0.197508  0.044714  0.714125  0.981373    0.632788  0.106873 0.0751143  0.53344   0.701107  0.203024 0.505803   0.99372  0.085483  0.681735   0.65448   0.354166  0.672985 10.9337 272.531 234.465 384.494 19.7192 279.461 284.566 191.961 30.0657 ⎥
⎢  0.606169  0.910069  0.500268     0.535  0.989584   0.596003  0.101328  0.177939  0.703936 2.13662e-05  0.190794  0.538674 0.464713 0.00249699  0.912068 0.398119  0.712608  0.361048  0.148621  0.412334   0.727692 0.0675481 11.1375 272.408 235.124 384.508 19.8877 279.673  284.07 191.589 29.4494 ⎥
⎢  0.277499  0.681894  0.517791   0.28687 0.0414824   0.610244 0.0260608  0.546446  0.597223    0.828924 0.0216939  0.621553 0.968552   0.248349  0.562942  0.70829  0.344177    0.4475 0.0869861  0.760503    0.33146  0.769029  10.419  272.68  234.67 384.172 19.8323 279.189 284.623 192.324 29.3444 ⎥
⎢  0.471954  0.622072  0.200051  0.664846 0.0888505   0.778052  0.596164  0.317832 0.0704167     0.79008  0.979634  0.662926 0.478077   0.184069  0.565192 0.364131  0.685612  0.580768    0.8192   0.77272   0.361028  0.273839 10.3359 272.894 234.623 384.039 20.1166 278.767 284.651 191.905 29.2204 ⎥
⎢  0.773322  0.497124 0.0284632  0.209669  0.537024   0.669164  0.111078  0.848063  0.344747    0.835856  0.389733    0.4117 0.974558   0.642076  0.930394 0.891099  0.489999  0.279229   0.95682  0.522526   0.226453 0.0327082  11.051 273.066 234.884 383.845 19.5154 279.162 284.758 192.264 29.6204 ⎥
⎢ 0.0327135   0.85256  0.227193 0.0232213  0.308632    0.57574  0.985324 0.0226544  0.716811     0.85687   0.14483  0.305064 0.856631   0.545338 0.0370522 0.307448  0.826963 0.0565774 0.0708633  0.400995  0.0110184  0.400111 11.1434 273.108  234.71 383.556 19.4854 279.363   284.6 192.402 30.0068 ⎥
⎢  0.939481  0.829065  0.381854  0.359997  0.888507   0.343587  0.449452  0.938765  0.185057    0.956086  0.391056  0.835061 0.843771   0.174752  0.320123 0.321974  0.779502  0.662954    0.6228  0.333636   0.536818  0.206311 11.2426 272.748 234.213 384.237 19.7805 279.491 284.167 192.373 29.6694 ⎥
⎢ 0.0337287  0.367152   0.33513  0.580303  0.132599   0.537193  0.459198  0.847053 0.0213196    0.693068  0.443296   0.10316 0.810416   0.450828  0.659052 0.260441  0.233885  0.899191 0.0972405 0.0927691  0.0806609  0.310363 10.6369 273.198 234.836 384.084 19.6265 278.818 284.523 192.024  29.588 ⎥
⎢   0.66664  0.999189  0.371415  0.781237  0.106209   0.740981  0.270695  0.787675  0.178818    0.494322  0.147298 0.0682638  0.97702   0.313262  0.555985 0.647119  0.569104   0.77879  0.361156  0.547805 0.00665984  0.647285 11.1865 272.366 235.025 383.978 19.6531 279.665 284.407 192.366 29.4867 ⎥
⎢  0.895629  0.576117  0.254185  0.670933 0.0565677 0.00118866  0.134528  0.970071  0.746781    0.144261  0.262063  0.492237 0.293802   0.578215  0.959455 0.374078 0.0434977   0.30168  0.377211  0.733013   0.223064  0.634603 10.3809  272.99 234.543 384.116 19.7355 279.517   284.2 192.324 29.2099 ⎥
⎣  0.577841  0.441917  0.914152  0.850489  0.663436   0.133059  0.869396  0.341404  0.646505    0.563771  0.108405 0.0364633  0.25535   0.369335  0.646331 0.687059   0.74761   0.71574  0.807988  0.091838   0.755565 0.0260086 10.7881 272.907 234.637 383.993 19.3039 278.922 284.621 191.867 29.8882 ⎦

⎡ 0.573721 0.0444739  0.366798  0.674935   0.774635 0.319207 0.0504393  0.65102  0.946104    0.3116 0.107671  0.778097 0.489511 229.511 384.175 397.349 364.181 35.2843 113.377 339.215 202.354 ⎤
⎢ 0.959334  0.278564 0.0164708 0.0656162   0.610825  0.79949  0.386039 0.684162  0.487577  0.581048 0.431802  0.318544 0.919382 230.489 384.572 396.525 364.138 34.8916 113.125 338.911 201.484 ⎥
⎢ 0.991017  0.642367 0.0105056  0.686321   0.525917 0.370941 0.0586247 0.659029  0.147696  0.175656 0.287378  0.538685 0.310401 230.276   384.6 396.875 363.781 35.3182 113.177 339.522 202.032 ⎥
⎢ 0.908497  0.470742 0.0756218  0.705631   0.938096  0.22625  0.136548 0.788739  0.500688 0.0233695  0.32708  0.461791 0.769708 230.212 384.044 396.736 363.567 35.3327 113.173 339.145 201.437 ⎥
⎢ 0.086709  0.820386  0.268255  0.640623 0.00585728 0.901801  0.148084 0.724051 0.0567832  0.535722 0.186753  0.453629 0.743532 229.605 383.927  397.27 364.403 34.8396 114.089 339.842 202.127 ⎥
⎢ 0.282709  0.957134 0.0773313    0.9006   0.190557 0.398262  0.493989 0.619096  0.586145  0.681069 0.130616 0.0523268 0.290856 230.076 384.527 396.485 363.537 35.2625 113.744 339.175 202.287 ⎥
⎢ 0.847272  0.193009  0.771511  0.320999  0.0642278 0.774313   0.28722 0.835204  0.762821   0.45438 0.589463  0.295089 0.784322 230.203 384.496 396.961 363.916 35.6747 113.823 339.531 202.254 ⎥
⎢ 0.503481  0.589336  0.258974  0.883491   0.949838 0.587211  0.441687 0.784592  0.930676  0.502657  0.12095  0.619902 0.512421 229.506 384.524 396.643 363.817 35.5882 113.279  339.84 201.942 ⎥
⎢ 0.169776  0.925499   0.26252   0.48397   0.303205 0.337753 0.0529098 0.202143  0.666841  0.471851 0.837293  0.778328 0.882847  229.92 384.198  397.32 363.443 35.4158 113.469 339.064  201.93 ⎥
⎣ 0.672946  0.437694  0.997055  0.461597   0.949962 0.164584  0.110069 0.633789   0.85105  0.760853 0.964498  0.847464 0.742553 229.795 384.391 397.166 363.646 35.1987 113.981 339.322 201.832 ⎦

