⎡  0.973775  0.562419  0.249637   0.74192  0.153549  0.302328  0.543012  0.570306   0.67331  0.738569  0.719803 0.0548589  0.572373 0.041235  0.777294  0.333387   0.445764 0.0617926   0.637788  0.0875799  0.670066  0.672706  0.658189   0.932363 0.0637235  0.123671   0.088856  0.728336  0.668361  0.939155  0.963491   0.169522 0.831308 0.642269 0.0243747 0.298532 0.613017 0.0633761  0.99488 0.294898 0.991504 0.0606285 0.322136 0.0368413   0.03356 0.722328 0.221841  0.71386 0.299571 0.0255178 ⎤
⎢ 0.0345806  0.607422  0.960043  0.369528  0.855651  0.491787  0.783387  0.379081  0.460698  0.155456   0.22967  0.580707 0.0740368  0.98117 0.0226316 0.0849594  0.0972295  0.383515   0.777947   0.395447  0.363851  0.376415  0.650612   0.733912   0.70081  0.620378   0.145653  0.276788  0.432473  0.919806  0.666163   0.631371 0.499684 0.905383   1.17567 0.871272  1.19615  0.606545 0.695464  0.50272 0.631304  0.695334 0.904873  0.420507   0.65648 0.877373  1.12688 0.503849 0.954488  0.596952 ⎥
⎢  0.575615  0.829281  0.726479   0.73504  0.237602  0.876509  0.554052  0.226177   0.12467  0.494153  0.201129  0.167038 0.0831456 0.940124  0.375612  0.580664   0.891478  0.100335   0.758421   0.649373  0.231854  0.702061  0.967691   0.646381   0.25037  0.700495   0.745045  0.343274  0.514783  0.349722  0.084927    0.31645  7.31662  1.09101   4.16774  1.60846  4.76195  0.570229  4.17978  5.82855  2.60496   2.05048 0.984282    1.6899   4.98228  5.96647  5.47877  4.74979  5.71334   5.65537 ⎥
⎢  0.121789  0.358108  0.409088   0.22448  0.218699  0.834422  0.153237  0.938262  0.825682  0.501487  0.277176  0.107586 0.0779755 0.546231  0.533363  0.496427  0.0353405  0.591293   0.317213   0.359925  0.202234  0.565927 0.0172179   0.790472  0.999105 0.0501086   0.319479   0.35968  0.670424  0.596909  0.153387     0.1544  30.1557  1.18613   17.8446  4.73833  20.9123   1.17158  19.5077  25.1205   10.321   7.09583  1.95361   7.84987   21.2385  28.1267  22.7009  21.1955  27.0011   23.0355 ⎥
⎢   0.66295  0.119056  0.631373  0.862796  0.596857  0.147953  0.484896  0.499141    0.2869  0.826397  0.556665  0.735996  0.919752 0.865368  0.380488  0.417479   0.664347  0.178948   0.572147   0.450438  0.850666  0.875095  0.916645   0.530853  0.847133  0.810998   0.874099  0.820769  0.704618  0.907512  0.866402   0.867477  44.9017  2.17989   26.6778  5.70546  30.6673   1.45271  28.5536  37.5765   14.674   11.1512   2.8236   11.3268   31.6171  41.2394  33.4841  31.9325  39.9869    34.009 ⎥
⎢ 0.0296542  0.657965  0.664203  0.878724  0.822249  0.747304 0.0654234  0.371404  0.546853  0.548721  0.591818  0.595057   0.29522 0.889102  0.391356  0.362041   0.700177 0.0708391   0.399021   0.879314  0.822889  0.378638  0.322342   0.928791  0.570899  0.209575 0.00749191  0.824239  0.850084  0.712428  0.538292   0.906768  11.4526   1.3361   7.25365  1.95992   8.1836   1.25247  7.26766  9.46523  3.48629   2.50719 0.812886   3.18004   8.16367  10.0404  8.58333  7.96367  10.2648   8.70905 ⎥
⎢  0.613749 0.0681021  0.623747  0.430741  0.444429  0.753864  0.154964  0.139075  0.373166  0.259835 0.0688341  0.932515  0.821072  0.19501  0.713174  0.967337   0.368156  0.714145   0.585296   0.516961 0.0537681  0.776613  0.450667   0.418549  0.253288  0.198342   0.607462  0.297942  0.406251  0.241154  0.561879   0.631131 0.486651 0.518725  0.220294 0.804229 0.908064   0.57659 0.783565 0.148535 0.993506  0.911634  0.38174    0.7208 0.0274053 0.420138 0.218172 0.139323 0.680783  0.037516 ⎥
⎢  0.806971  0.194952   0.27222  0.373146  0.948006  0.100093  0.389485  0.450056  0.121476  0.755893  0.520605  0.963565  0.529398 0.529484  0.144176  0.506742   0.475952 0.0438217   0.710757    0.23405  0.541999  0.559762  0.308797   0.661235  0.266355  0.998407   0.845484  0.999839  0.803554  0.571147  0.164123   0.796352  3.48039  1.04125   1.93378 0.623292  2.34229  0.802285  1.68765  2.33591  1.73636   1.45568 0.444143   1.04961   2.46623   2.6457  2.05033  2.28848  3.20032   2.04971 ⎥
⎢  0.305862  0.664678  0.726299  0.192581  0.614812  0.783102  0.228303  0.103945  0.446032  0.248443 0.0844427  0.173947  0.143296 0.696761  0.470709  0.982203   0.170744 0.0318737   0.879446   0.456757  0.103562 0.0994462  0.590325   0.473323  0.264469  0.146476   0.935782  0.270703 0.0543879  0.689177   0.66104   0.247779  42.0355  1.95071   25.0834  5.30029  28.4383   1.63027   26.178  34.3643  13.1651    9.5229   2.6228   9.81243   29.0367  38.3318  31.0666  29.5389  37.4674   31.1035 ⎥
⎢  0.221593  0.375679  0.945614   0.48343  0.238379  0.667192  0.682917  0.934884  0.491929  0.416906  0.924211  0.469356   0.59426 0.941584  0.200233 0.0963056  0.0697537  0.541158   0.193871 0.00824171  0.735318  0.316447 0.0193306   0.325695  0.592926  0.560671   0.184037  0.875431  0.110901  0.513613    0.3508   0.881617  190.457  6.79219   112.729  24.4327  129.455   6.33667  119.816   158.41  60.0021   43.3228  8.71209   46.1523   132.435  174.227  142.011  133.549  169.585    141.57 ⎥
⎢ 0.0418579 0.0563231 0.0304197  0.331342 0.0409192  0.868018 0.0955107  0.315849 0.0732192  0.659825  0.409805  0.560477  0.119721  0.88235  0.367353  0.332806   0.237131 0.0404229   0.310487   0.579613   0.39188  0.416247  0.619594  0.0323854  0.902952  0.822429   0.157686   0.87584  0.916903 0.0457095  0.605552   0.919511  370.356  13.1887   218.717  46.7845  252.438   11.2657  233.311  306.638  116.996   84.5882  16.0527   88.3699   258.301  338.707  275.713  259.857  329.745   275.335 ⎥
⎢  0.232277  0.386139 0.0765586  0.242264  0.218879 0.0984917  0.708595  0.298982 0.0604116  0.171299  0.895995  0.623398  0.313089 0.904255  0.912531  0.560621   0.275377  0.895401  0.0799056   0.810279  0.507721 0.0409184  0.376332   0.896893   0.43379  0.519476   0.981028  0.774613  0.611269   0.12976  0.531968   0.801428  382.769  14.1961   226.773  47.8283  260.447   12.2761  241.765  317.323  120.873   87.9402  16.9431    91.259   266.487  349.855  285.279  268.816  340.356   284.625 ⎥
⎢  0.677766  0.463406  0.536079  0.234346 0.0990859  0.507516 0.0189564   0.57147  0.396308 0.0101727  0.604377  0.674558  0.589875 0.291281  0.117644  0.530587    0.84114  0.706296   0.425756   0.580492  0.866015  0.383265   0.48248 0.00436505  0.905103  0.561367   0.828798  0.717647  0.815245 0.0620384  0.364405   0.296282   206.66  7.99019   122.251  26.0485  141.173    7.2549  130.681  171.683  65.4532   47.7973  8.99439   50.0263    144.18   189.72  154.012  145.142  183.884   154.017 ⎥
⎢  0.890335  0.880041  0.448738  0.500096   0.90956  0.689076  0.488895  0.351761  0.427858  0.116355  0.274576  0.564161  0.617813 0.129813  0.673334  0.464047    0.44308  0.145225   0.333808   0.842786   0.58474  0.476952  0.662402   0.768041  0.428181  0.474161   0.590911  0.924454 0.0842602  0.577496  0.346507   0.340523  21.4792 0.759987    12.506  3.14688  14.5522   1.01969  14.0432  18.4317  6.76722   4.91455  1.19306   5.30324   15.3957  19.3391  16.5211   15.755  19.1868   16.6427 ⎥
⎢  0.725686  0.104286  0.236913  0.993026   0.11896  0.985516  0.542653  0.297581  0.330518  0.401524  0.314667  0.860402  0.935799 0.846697  0.500096  0.810743   0.517756  0.642997   0.599842   0.109218  0.719856  0.568477  0.735066   0.298895  0.766448  0.933933    0.12914   0.75836  0.749365  0.264257  0.669276  0.0763581  9.29296 0.817996   5.62898  1.42388   6.0961  0.624493  5.95159  7.45459  3.51992   1.99199 0.511673   2.11986   5.87027  7.75082  7.04283  6.68425  8.02743   6.32098 ⎥
⎢  0.683103  0.808597 0.0766187  0.452807  0.662301  0.109159  0.247634  0.448406  0.938846  0.102073  0.652728  0.690568  0.802788 0.895576  0.566551   0.79701   0.409825  0.680075  0.0549071   0.872935  0.430442  0.222541  0.888599   0.376152  0.214086  0.191784   0.648834  0.839397  0.896431  0.767495  0.815963    0.74873  100.419  3.79942   59.5076  12.9761  68.3633   3.19663  63.6487  83.5998  31.6167    22.916  4.51651   24.3189   69.9779  92.1879  74.6992  70.5201  89.8717   74.7765 ⎥
⎢  0.866142  0.151904  0.362157 0.0366107  0.297504   0.43249 0.0580417 0.0257817  0.697923  0.442628  0.876948  0.804442  0.975105 0.574024  0.946983  0.476355   0.647934  0.434359  0.0691567   0.885586  0.098797  0.864888  0.740053   0.879593  0.192014   0.22473   0.650833  0.341269  0.352829  0.709835    0.7211   0.239653  351.487  13.1768   208.252  44.6051  239.326   11.1652  221.581  290.652  110.686   80.1238  15.2887    84.058    244.92  320.953  261.541  246.152  312.769   261.387 ⎥
⎢  0.723887  0.687806  0.983838  0.346255  0.875677  0.683685  0.876103  0.188059  0.801849 0.0786878  0.361767  0.626759  0.269622 0.872419  0.343773  0.807162 0.00467056  0.806611   0.612563   0.881227  0.541774  0.413117  0.245844   0.536747  0.231445  0.461107   0.050911  0.912885  0.764628  0.445892  0.934585   0.497067  420.665  15.1821   249.031  52.8252  286.639   13.3037  265.598  348.742  132.277   96.3448  18.6435   100.898   292.619  384.833  313.513   294.97  374.248    312.41 ⎥
⎢  0.819228  0.425071  0.725942  0.540085 0.0419851  0.718097  0.392121  0.609066   0.80173   0.31388  0.350675 0.0690189  0.691501 0.496572  0.927046  0.987804   0.368824  0.459501    0.89271   0.606526  0.223661 0.0459723   0.99231   0.919902  0.138967  0.497949   0.950586 0.0295819  0.888239  0.641367  0.915471 0.00377501  411.521  14.6241    242.81  51.4709  280.167   13.1835  259.482  340.888  129.326   94.0944  18.0017   98.4084   286.413  375.512  306.553  288.232   366.04   305.654 ⎥
⎢   0.62254   0.48761  0.346228 0.0490144  0.364124 0.0942919  0.109141  0.481179  0.282591  0.474317  0.258003   0.64247  0.925152  0.73473  0.766198  0.527176   0.861932  0.750909   0.517037   0.298007 0.0986113  0.724271  0.559657    0.38555  0.505988  0.602959   0.344242  0.210701  0.531459  0.553201  0.623365   0.937849  247.202  9.30338   146.664  31.2378  168.854   7.64647  155.951   205.48  77.9271   57.2299  11.6029   59.8301   172.228  226.675  184.502   174.03  220.695   184.086 ⎥
⎢  0.725666  0.620684  0.860939  0.289772  0.352674  0.975789  0.784163  0.887831  0.468258   0.47017  0.373095  0.720628  0.376476 0.213356  0.686409  0.883098   0.899772  0.699103   0.541429    0.90099  0.709516  0.606732  0.714778    0.25082  0.385812  0.814772   0.159464  0.928076  0.594998  0.546212  0.570729   0.547766  24.4539  0.95562   14.9441  3.74161  16.7585   1.14318   15.835  20.1823  8.40383   6.12767  1.32484   6.56197   17.0311    22.74  18.5082  17.3774   21.815   18.8894 ⎥
⎢  0.851026 0.0616704  0.419358  0.698887  0.507125  0.629871  0.502782  0.405643  0.329622  0.188033   0.45723  0.944588  0.984803 0.214752 0.0855434  0.863996   0.630847  0.433065   0.423357   0.918008  0.119536  0.721807   0.51802   0.351635  0.956127   0.36706   0.479193  0.646222  0.214643  0.327511  0.410716   0.140037  3.99242  1.07662    2.2074  1.08739  2.77596   1.04811  2.34892  3.11663  1.13848   1.57686 0.623573  0.811815   2.49749  3.20868  2.40944  2.70059  3.41427   2.84172 ⎥
⎢ 0.0593277  0.440304  0.932685  0.335366   0.62876  0.844394   0.50264  0.555941  0.737207  0.898016  0.266388  0.837071  0.872608 0.991069   0.41612  0.545813    0.40225  0.905783   0.167876    0.77345  0.916368  0.426424  0.521697   0.246636  0.535989  0.148732    0.75042  0.815842  0.259152  0.574021  0.983065   0.577998  135.534  5.30939   80.4966  17.2663    92.26   4.52296  85.4636  112.506  42.5862   30.9654  5.82997   32.9924   94.3745  123.772  100.331  94.7461  120.157   100.876 ⎥
⎢  0.435611  0.731585  0.128036  0.218104  0.736362  0.340432  0.949514  0.864134  0.775278  0.217929  0.743639  0.789165  0.744662 0.564085   0.16671  0.289024   0.841862  0.579778 0.00939643    0.97778 0.0852231  0.570326  0.043268   0.655967  0.447306  0.763587   0.631357  0.198504  0.921301  0.632578 0.0638528    0.15902   355.27  12.6479    210.53  44.9137  241.841   11.5775  223.963  294.713  111.953   81.0961  16.0391    85.212   247.429  324.939  265.394  249.581  315.977   264.959 ⎥
⎢  0.893004  0.255341  0.566006  0.503477 0.0925292  0.360566  0.439524  0.915014  0.656474  0.890315 0.0500571  0.183877 0.0458128 0.092299   0.78955  0.032385   0.498809  0.897585   0.595386   0.669274   0.37652  0.811543  0.141724   0.727804  0.169249  0.962697   0.100526  0.717944  0.767745  0.174589  0.284422   0.368594  414.165  15.0108   244.961  52.0935   282.41   12.8135  261.395  343.588  130.219   94.7938  18.6471   99.3102    288.83  379.217  308.775  290.959  369.166   308.402 ⎥
⎢  0.946754  0.957722 0.0391497  0.197244  0.199426  0.241821 0.0457227  0.902527  0.109351  0.149108  0.321129   0.16101  0.587131 0.478439  0.704353  0.380838    0.97091  0.296116   0.722753   0.740368  0.844659  0.918729  0.275961   0.409055  0.205575 0.0826972   0.149363 0.0764451  0.106535  0.518375 0.0642748  0.0178109  426.494   15.906   252.735  53.8357  290.588   13.7995  268.839  353.374  134.635   97.7932  19.0389   102.004   296.644  390.262  318.059  299.351  379.196   316.957 ⎥
⎢  0.648411  0.118066  0.509916 0.0671246  0.682334 0.0338611  0.528514   0.58777 0.0387207  0.450915  0.858763  0.369031  0.656796  0.80947  0.541059  0.528856    0.53095  0.295879   0.988145  0.0854169  0.569242  0.348954   0.78952   0.273355 0.0290514  0.155633   0.750388  0.506234  0.866516  0.765788  0.227247   0.278836  205.887   7.9193   121.259  25.8203  139.697   6.98034  129.745  170.678  65.2864   47.6228  9.81099    49.817   143.271  187.946  153.768  144.194  182.556   153.288 ⎥
⎢  0.415244  0.831916     0.294  0.972829  0.812681 0.0615451  0.641259  0.384663  0.161344  0.345639  0.719695  0.187322  0.860828 0.332104  0.466759  0.171667   0.383654  0.251137   0.776361    0.11835  0.279329  0.232689  0.115577   0.999751  0.674178  0.911866   0.357443  0.790199  0.209101   0.84213  0.387336    0.67703  12.7849 0.696588    7.8259  2.42271  8.35027  0.447311  8.34472  10.5555  4.31007   2.94044 0.645647    3.8538   9.09726  11.1183  9.60948  8.80623  11.5805   9.83404 ⎥
⎢  0.953938  0.992247  0.323331  0.710612  0.868629  0.677633  0.312939  0.902213  0.257047  0.132599  0.673302  0.389636 0.0256025 0.980638  0.100044   0.52185   0.599103  0.427282   0.301402   0.830528   0.95466  0.393898  0.255312   0.389991  0.627671  0.536864   0.095342  0.116638  0.390971  0.953504 0.0302654    0.44111  7.42633  1.07174   4.93214  1.08924  4.88891  0.875343  4.93422  6.70359   3.1624   2.32248 0.618178   2.44588   4.95007  6.46311  5.47431  5.43312   6.4407   5.41109 ⎥
⎣  0.415965  0.345499   0.79578  0.945944 0.0836676  0.451946  0.451955  0.181044  0.604084  0.385947  0.330283   0.05756   0.70014 0.699395  0.252163  0.788715   0.213626  0.373205   0.805966   0.976883  0.770059   0.44952  0.989519   0.836968 0.0511409  0.211952   0.140551 0.0263386 0.0348462  0.821147  0.134233   0.290858  178.284  6.76079   105.634  22.8716  121.955   6.13768  113.163  148.395  56.4571   41.3959    7.737   43.3205   124.221  163.809   133.05  125.791  158.753    132.62 ⎦

⎡   0.990204  0.668774  0.121388 0.0889124  0.779796   0.86735  0.475419  0.46823    0.363679  0.932148 0.0168024  0.215454  0.939339  0.170015    0.92554   0.338262 0.426002   0.202307 0.0103314   0.191685 0.0782197 0.427761 492.489 46.1653 126.743     443 287.146 423.973   4.704 241.808 109.212 ⎤
⎢  0.0919959  0.445284 0.0429149   0.56014  0.589744  0.663955  0.614298 0.753703   0.0362444  0.279878  0.444369  0.122182  0.514639  0.263529     0.7229   0.408176 0.962208   0.469432  0.056696   0.921074  0.757164 0.809521 495.164 46.4717 126.706 444.922 288.241 425.049 4.80186 242.181 109.751 ⎥
⎢   0.253127  0.180333  0.453863 0.0885245 0.0645765 0.0280738  0.639626 0.340036    0.658938  0.853647  0.631699  0.988455  0.888141   0.88321   0.947102   0.975366 0.317902   0.824183  0.851173  0.0827627  0.737628 0.913146 495.398 46.6816 126.599 446.078 288.649  425.63 5.18944 242.958 109.862 ⎥
⎢   0.890763  0.850431  0.805237  0.360041  0.794072  0.392618  0.511074 0.715077     0.65915  0.416746  0.985481  0.358064  0.338704   0.49668  0.0264431   0.846807 0.383714   0.316242  0.583719 0.00764128   0.54709 0.497698 495.663 46.6937 127.197  445.93 288.852 425.965 4.60611 242.583 109.648 ⎥
⎢   0.576219  0.671865   0.79316  0.393312  0.396009  0.276736  0.798809 0.235027  0.00846127  0.277975  0.130819  0.679995  0.589509  0.720597   0.575607   0.460774 0.199876   0.186133  0.726279   0.662491  0.417928 0.333194 495.918 46.0657 127.361 446.259 288.554 425.715 5.35912 242.648 109.645 ⎥
⎢    0.85114  0.881064  0.849339  0.162137  0.286676  0.568236  0.822467  0.20697    0.416609  0.327125  0.999217 0.0918338  0.017032  0.406609   0.900639    0.77562 0.682496   0.113637  0.334318   0.959064  0.219652 0.812181 495.161 46.0094 127.288 446.011 288.222 426.435 5.03101 242.366 108.938 ⎥
⎢ 0.00905848  0.571246  0.293696  0.177592 0.0648633  0.699988  0.935586 0.801309    0.506515  0.526162   0.71842  0.988449  0.293807  0.328558   0.308821  0.0649816 0.702639   0.348041  0.963624   0.477176  0.941855 0.404115 494.004 46.5439 126.767 445.157 288.298 425.142 5.38818 241.824 109.193 ⎥
⎢   0.484553  0.897655  0.341065   0.19523 0.0895427  0.262748  0.884303 0.758784    0.646106  0.728338  0.224069  0.112279  0.180443  0.360683   0.019982   0.666922 0.842998   0.561898  0.895464    0.68971  0.307807 0.462366 495.236 46.3374 126.763   445.5 288.811  426.07 4.65219 242.449 109.128 ⎥
⎢   0.217859  0.160351  0.808004  0.955066 0.0451566 0.0313522  0.475062 0.402126 0.000422655  0.515258  0.584624  0.802765  0.103922  0.491241   0.807557  0.0582076 0.419394   0.521388  0.497179   0.878871  0.370038 0.560039 495.756 46.1514 127.409 446.057  288.77 426.154 5.19086 242.482 109.055 ⎥
⎢  0.0486488  0.822162  0.433336  0.368398  0.272365  0.182577  0.381873 0.306037    0.949665 0.0470463  0.759699  0.172108  0.281319   0.15635   0.650187   0.590812 0.161382   0.674476 0.0812618   0.305564  0.837164 0.274722 495.532  46.313 127.376 446.268 288.155 425.902  4.9373 242.389 109.902 ⎥
⎢   0.843566  0.104626   0.76794  0.959214  0.431389   0.76274  0.146274 0.754656    0.542997  0.329798  0.935273  0.812566   0.13758 0.0689294   0.447369   0.212051 0.187308  0.0983005  0.268815    0.55243 0.0748268  0.71839 495.328 46.3725 126.744 445.987 288.901 426.059 5.13082 242.779 109.362 ⎥
⎢    0.27249  0.487123 0.0655499  0.515469  0.603649 0.0175135 0.0538158 0.204559    0.607965  0.268834  0.129322  0.580074  0.334348  0.789509 0.00251999   0.176353 0.781016   0.844184    0.3134   0.578534  0.536631 0.470318 495.301 46.9845 127.157 445.499  288.55 426.183   4.988 243.269 108.957 ⎥
⎢   0.196873  0.835543  0.570924  0.066697  0.950876  0.873037  0.356333 0.814815    0.231102  0.691494   0.68392  0.990409  0.228486  0.949629   0.151201   0.594892 0.330238   0.511678  0.846115  0.0889811  0.324746  0.60213 495.361 46.4639 127.043 446.124 289.049 426.022 5.22929 242.558 109.698 ⎥
⎢   0.358322 0.0230401  0.820235  0.434183  0.487569  0.871963  0.650572 0.390473    0.427901  0.199157  0.746118 0.0414461  0.129078  0.559311   0.379706    0.82219 0.590956 0.00487202  0.413031   0.382723  0.546807 0.144312 495.119 46.3073 127.221 446.145 288.141 426.517 5.02552 242.456 109.228 ⎥
⎢   0.710682  0.301594  0.707888  0.356663 0.0775707  0.895635  0.635212 0.438644    0.649047  0.798368  0.530937  0.140808  0.673613  0.986396   0.910425 0.00462322 0.254524   0.653377    0.9683   0.861881  0.340048 0.237249   495.4 46.0682 127.528 446.171  288.82 426.131  4.7386 242.768 109.307 ⎥
⎢   0.805044 0.0677473  0.429943  0.290713  0.269136  0.579663  0.966744 0.694038    0.680932  0.483141  0.384899  0.182599 0.0288253 0.0613789   0.260425   0.433376 0.332427   0.409649  0.958898   0.937873  0.357188 0.526224 495.365 46.5708 126.658 446.034 288.755 425.908 5.42913 242.735 109.015 ⎥
⎢   0.460797   0.80154  0.879403  0.956337  0.753412  0.183262  0.230359 0.336993    0.702894  0.692765  0.499071  0.123365  0.154846  0.204378   0.963422   0.350627 0.425724   0.102605  0.497105   0.499468  0.195917 0.820616 495.205 46.5603 126.679 446.225 288.285  426.12 4.85588 242.706 109.836 ⎥
⎢    0.84785  0.951465   0.15082   0.83761  0.379945  0.752428  0.496099 0.616772    0.704295  0.959332  0.794356  0.213978  0.172999  0.288868   0.205559   0.437641 0.463853   0.511648  0.477957   0.679458  0.997853 0.867764 495.529 46.8658  127.49 445.938 288.921 425.683 5.13347 243.054 109.756 ⎥
⎢    0.94642  0.973201  0.475626  0.419293  0.426654  0.562082  0.195231 0.567278    0.154953  0.542646  0.978964  0.708027  0.151781  0.633012   0.434557   0.207964 0.264237    0.93458   0.87409   0.793905  0.324917 0.480667 495.894 46.8571 127.427 445.525 288.734 425.723 4.87274 242.399 109.456 ⎥
⎣   0.789562 0.0550578 0.0572083  0.595011  0.991537  0.863272   0.28369 0.590856    0.264545  0.897294 0.0133898 0.0172506  0.922981  0.828353    0.14403   0.872554 0.643328   0.409588   0.65044   0.402036  0.211798 0.164151 495.892 46.8671 127.435  446.36 288.975 425.579 4.76978 242.949 109.519 ⎦

⎡  0.783217 0.907121 0.0845411 0.930673  0.353507  0.221683 0.361597 0.912306    0.861407  0.840396 0.0152039  0.404934   0.124751 392.215 225.732 365.634 195.995  47.879 80.5914  348.12 40.2319 ⎤
⎢  0.450302 0.190412  0.497168 0.478806  0.447968 0.0735117  0.45378 0.926122 0.000492072 0.0186458  0.537248 0.0928842    0.38652 391.717 225.263 365.541 195.739 48.6015 80.2578 348.424 39.6785 ⎥
⎢  0.729313 0.782447  0.956643 0.689946  0.175984   0.77457 0.167713 0.371365    0.758179  0.767098  0.398002  0.750357 0.00471395 391.598  225.15  364.96 195.435 48.5817  80.505  347.62 40.1688 ⎥
⎢  0.390517  0.87879  0.648926 0.428855  0.525522  0.505136 0.854217 0.190616   0.0380372  0.858413  0.755387 0.0569168    0.30993 391.958 226.071  365.38 195.745 48.3018 80.0767 347.775 40.3434 ⎥
⎢ 0.0952964 0.904139  0.320405 0.456843  0.488975 0.0450193 0.867795 0.654069    0.986056  0.643558   0.67343  0.815979   0.872623 391.906 225.989 365.404 195.984 47.7851  79.692 348.168  40.501 ⎥
⎢  0.159215 0.373889   0.37029 0.774062  0.367391  0.893401 0.551218 0.625949    0.771014  0.265268  0.858742  0.966456   0.903534 392.551 225.813 364.695 195.776 48.0541  79.771 347.938 39.8764 ⎥
⎢  0.695011 0.141127  0.366439 0.861114  0.966291  0.706821 0.897327 0.100789    0.336356  0.694745   0.59495   0.52308  0.0915521 391.611 225.395 365.441 195.496 48.1523 80.3354 348.243 39.8404 ⎥
⎢ 0.0793272 0.951613 0.0273712 0.177947  0.943731   0.93535 0.759845 0.291576    0.587353  0.248128  0.149979  0.184915   0.681789 392.416 225.612 365.206 196.103 47.9684 80.0285  347.77 39.8192 ⎥
⎢  0.580121 0.563366  0.652929 0.657355 0.0460569  0.354237 0.439287 0.148471    0.680373  0.403519  0.352252 0.0701474   0.755628  392.51 225.925 364.989  195.59  48.364 79.7493 348.075 39.7962 ⎥
⎣ 0.0344474 0.143958 0.0318649 0.201568  0.582132  0.281513 0.470842 0.371684    0.363736 0.0654476  0.459519  0.851521   0.420449 392.588 225.733 365.247 195.893 48.3642 80.1162 348.402 40.0472 ⎦

