⎡  0.973775  0.562419  0.249637   0.74192  0.153549  0.302328  0.543012  0.570306   0.67331  0.738569  0.719803 0.0548589  0.572373 0.041235  0.777294  0.333387   0.445764 0.0617926   0.637788  0.0875799  0.670066  0.672706  0.658189   0.932363 0.0637235  0.123671   0.088856  0.728336  0.668361  0.939155  0.963491   0.169522 0.831308 0.642269 0.0243747 0.298532 0.613017 0.0633761  0.99488 0.294898 0.991504 0.0606285 0.322136 0.0368413   0.03356 0.722328 0.221841  0.71386 0.299571 0.0255178 ⎤
⎢ 0.0345806  0.607422  0.960043  0.369528  0.855651  0.491787  0.783387  0.379081  0.460698  0.155456   0.22967  0.580707 0.0740368  0.98117 0.0226316 0.0849594  0.0972295  0.383515   0.777947   0.395447  0.363851  0.376415  0.650612   0.733912   0.70081  0.620378   0.145653  0.276788  0.432473  0.919806  0.666163   0.631371 0.579114 0.908203   1.22263 0.881206  1.25023  0.608964 0.745527 0.568543 0.656253  0.713409 0.908287  0.439453  0.711765 0.949996  1.18607 0.559569  1.02514  0.655999 ⎥
⎢  0.575615  0.829281  0.726479   0.73504  0.237602  0.876509  0.554052  0.226177   0.12467  0.494153  0.201129  0.167038 0.0831456 0.940124  0.375612  0.580664   0.891478  0.100335   0.758421   0.649373  0.231854  0.702061  0.967691   0.646381   0.25037  0.700495   0.745045  0.343274  0.514783  0.349722  0.084927    0.31645  8.58826  1.13617   4.91943   1.7675  5.62768  0.608954  4.98127  6.88236  3.00438   2.33985  1.03894   1.99323   5.86736  7.12914  6.42643  5.64184  6.84442   6.60068 ⎥
⎢  0.121789  0.358108  0.409088   0.22448  0.218699  0.834422  0.153237  0.938262  0.825682  0.501487  0.277176  0.107586 0.0779755 0.546231  0.533363  0.496427  0.0353405  0.591293   0.317213   0.359925  0.202234  0.565927 0.0172179   0.790472  0.999105 0.0501086   0.319479   0.35968  0.670424  0.596909  0.153387     0.1544  36.1439  1.39878   21.3843  5.48726  24.9891   1.35393  23.2819  30.0829  12.2018    8.4585  2.21101   9.27825   25.4063  33.6017  27.1635  25.3962  32.3274    27.487 ⎥
⎢   0.66295  0.119056  0.631373  0.862796  0.596857  0.147953  0.484896  0.499141    0.2869  0.826397  0.556665  0.735996  0.919752 0.865368  0.380488  0.417479   0.664347  0.178948   0.572147   0.450438  0.850666  0.875095  0.916645   0.530853  0.847133  0.810998   0.874099  0.820769  0.704618  0.907512  0.866402   0.867477  53.8547  2.49782     31.97  6.82521  36.7626   1.72535  34.1965  44.9958  17.4862   13.1886  3.20845   13.4624   37.8486  49.4253  40.1561   38.213  47.9502   40.6645 ⎥
⎢ 0.0296542  0.657965  0.664203  0.878724  0.822249  0.747304 0.0654234  0.371404  0.546853  0.548721  0.591818  0.595057   0.29522 0.889102  0.391356  0.362041   0.700177 0.0708391   0.399021   0.879314  0.822889  0.378638  0.322342   0.928791  0.570899  0.209575 0.00749191  0.824239  0.850084  0.712428  0.538292   0.906768  13.6209   1.4131   8.53536   2.2311  9.65976    1.3185  8.63428  11.2621  4.16734    3.0006  0.90609   3.69724   9.67284  12.0229  10.1992  9.48472  12.1934   10.3209 ⎥
⎢  0.613749 0.0681021  0.623747  0.430741  0.444429  0.753864  0.154964  0.139075  0.373166  0.259835 0.0688341  0.932515  0.821072  0.19501  0.713174  0.967337   0.368156  0.714145   0.585296   0.516961 0.0537681  0.776613  0.450667   0.418549  0.253288  0.198342   0.607462  0.297942  0.406251  0.241154  0.561879   0.631131 0.486651 0.518725  0.220294 0.804229 0.908064   0.57659 0.783565 0.148535 0.993506  0.911634  0.38174    0.7208 0.0274053 0.420138 0.218172 0.139323 0.680783  0.037516 ⎥
⎢  0.806971  0.194952   0.27222  0.373146  0.948006  0.100093  0.389485  0.450056  0.121476  0.755893  0.520605  0.963565  0.529398 0.529484  0.144176  0.506742   0.475952 0.0438217   0.710757    0.23405  0.541999  0.559762  0.308797   0.661235  0.266355  0.998407   0.845484  0.999839  0.803554  0.571147  0.164123   0.796352  3.99095  1.05938   2.23558 0.687148  2.68988  0.817833  2.00945  2.75902  1.89673   1.57186  0.46609    1.1714    2.8216  3.11252  2.43082  2.64664  3.65445   2.42926 ⎥
⎢  0.305862  0.664678  0.726299  0.192581  0.614812  0.783102  0.228303  0.103945  0.446032  0.248443 0.0844427  0.173947  0.143296 0.696761  0.470709  0.982203   0.170744 0.0318737   0.879446   0.456757  0.103562 0.0994462  0.590325   0.473323  0.264469  0.146476   0.935782  0.270703 0.0543879  0.689177   0.66104   0.247779  50.2543  2.24257   29.9416   6.3282  34.0336   1.88055  31.3581  41.1751  15.7465   11.3931  2.97608   11.7729    34.757  45.8463  37.1914  35.3043  44.7776   37.2131 ⎥
⎢  0.221593  0.375679  0.945614   0.48343  0.238379  0.667192  0.682917  0.934884  0.491929  0.416906  0.924211  0.469356   0.59426 0.941584  0.200233 0.0963056  0.0697537  0.541158   0.193871 0.00824171  0.735318  0.316447 0.0193306   0.325695  0.592926  0.560671   0.184037  0.875431  0.110901  0.513613    0.3508   0.881617  228.467  8.14198   135.198  29.1864  155.333   7.49417  143.772  189.909   71.941    51.972  10.3459   55.2186    158.89   208.98  170.338  160.213  203.393   169.825 ⎥
⎢ 0.0418579 0.0563231 0.0304197  0.331342 0.0409192  0.868018 0.0955107  0.315849 0.0732192  0.659825  0.409805  0.560477  0.119721  0.88235  0.367353  0.332806   0.237131 0.0404229   0.310487   0.579613   0.39188  0.416247  0.619594  0.0323854  0.902952  0.822429   0.157686   0.87584  0.916903 0.0457095  0.605552   0.919511  444.329  15.8157   262.445  56.0368  302.798   13.5183  279.932  367.943  140.232   101.422  19.2325   106.017   309.784  406.343  330.842  311.752  395.542   330.325 ⎥
⎢  0.232277  0.386139 0.0765586  0.242264  0.218879 0.0984917  0.708595  0.298982 0.0604116  0.171299  0.895995  0.623398  0.313089 0.904255  0.912531  0.560621   0.275377  0.895401  0.0799056   0.810279  0.507721 0.0409184  0.376332   0.896893   0.43379  0.519476   0.981028  0.774613  0.611269   0.12976  0.531968   0.801428  459.192  16.9102   271.949  57.3871  312.474   14.6033   289.93  380.658  144.878   105.331  20.2282   109.491   319.676  419.732  342.234  322.429  408.332   341.436 ⎥
⎢  0.677766  0.463406  0.536079  0.234346 0.0990859  0.507516 0.0189564   0.57147  0.396308 0.0101727  0.604377  0.674558  0.589875 0.291281  0.117644  0.530587    0.84114  0.706296   0.425756   0.580492  0.866015  0.383265   0.48248 0.00436505  0.905103  0.561367   0.828798  0.717647  0.815245 0.0620384  0.364405   0.296282  247.987  9.45781    146.68   31.217  169.309   8.51337  156.728   205.93  78.4339   57.2013  10.7708   59.8837   172.944  227.505   184.81  174.133  220.642   184.737 ⎥
⎢  0.890335  0.880041  0.448738  0.500096   0.90956  0.689076  0.488895  0.351761  0.427858  0.116355  0.274576  0.564161  0.617813 0.129813  0.673334  0.464047    0.44308  0.145225   0.333808   0.842786   0.58474  0.476952  0.662402   0.768041  0.428181  0.474161   0.590911  0.924454 0.0842602  0.577496  0.346507   0.340523  25.6902 0.909525   14.9951  3.67353   17.419   1.14792  16.6973  21.9213  8.08986   5.87279  1.37407   6.30768   18.3265  23.1892  19.6592  18.7089  22.9322    19.773 ⎥
⎢  0.725686  0.104286  0.236913  0.993026   0.11896  0.985516  0.542653  0.297581  0.330518  0.401524  0.314667  0.860402  0.935799 0.846697  0.500096  0.810743   0.517756  0.642997   0.599842   0.109218  0.719856  0.568477  0.735066   0.298895  0.766448  0.933933    0.12914   0.75836  0.749365  0.264257  0.669276  0.0763581  10.9774 0.877814   6.62468  1.63455  7.24287  0.675789  7.01325  8.85049    4.049   2.37531 0.584079   2.52166   7.04267  9.29092  8.29813  7.86589  9.52568   7.57316 ⎥
⎢  0.683103  0.808597 0.0766187  0.452807  0.662301  0.109159  0.247634  0.448406  0.938846  0.102073  0.652728  0.690568  0.802788 0.895576  0.566551   0.79701   0.409825  0.680075  0.0549071   0.872935  0.430442  0.222541  0.888599   0.376152  0.214086  0.191784   0.648834  0.839397  0.896431  0.767495  0.815963    0.74873  120.448  4.51068   71.3471   15.481  81.9987   3.80656  76.2724  100.198  37.9078   27.4738  5.37745   29.0965   83.9185  110.501  89.6252  84.5701  107.687   89.6658 ⎥
⎢  0.866142  0.151904  0.362157 0.0366107  0.297504   0.43249 0.0580417 0.0257817  0.697923  0.442628  0.876948  0.804442  0.975105 0.574024  0.946983  0.476355   0.647934  0.434359  0.0691567   0.885586  0.098797  0.864888  0.740053   0.879593  0.192014   0.22473   0.650833  0.341269  0.352829  0.709835    0.7211   0.239653  421.625  15.6677   249.714  53.3778  287.077   13.3011  265.786   348.78  132.718   96.0847  18.3036    100.79   293.734  385.084   313.81  295.356  375.155   313.524 ⎥
⎢  0.723887  0.687806  0.983838  0.346255  0.875677  0.683685  0.876103  0.188059  0.801849 0.0786878  0.361767  0.626759  0.269622 0.872419  0.343773  0.807162 0.00467056  0.806611   0.612563   0.881227  0.541774  0.413117  0.245844   0.536747  0.231445  0.461107   0.050911  0.912885  0.764628  0.445892  0.934585   0.497067  504.674  18.1657    298.69  63.3329  343.832    15.862  318.542  418.367  158.666   115.463  22.2546    120.94   351.087  461.648  376.122  353.908  448.974    374.86 ⎥
⎢  0.819228  0.425071  0.725942  0.540085 0.0419851  0.718097  0.392121  0.609066   0.80173   0.31388  0.350675 0.0690189  0.691501 0.496572  0.927046  0.987804   0.368824  0.459501    0.89271   0.606526  0.223661 0.0459723   0.99231   0.919902  0.138967  0.497949   0.950586 0.0295819  0.888239  0.641367  0.915471 0.00377501  493.655   17.541    291.36   61.744  336.082   15.6846  311.243  408.958  155.127   112.785  21.5322   118.002   343.574  450.612  367.763  345.853  439.097   366.708 ⎥
⎢   0.62254   0.48761  0.346228 0.0490144  0.364124 0.0942919  0.109141  0.481179  0.282591  0.474317  0.258003   0.64247  0.925152  0.73473  0.766198  0.527176   0.861932  0.750909   0.517037   0.298007 0.0986113  0.724271  0.559657    0.38555  0.505988  0.602959   0.344242  0.210701  0.531459  0.553201  0.623365   0.937849  296.626  11.0586   175.881  37.4195  202.504   9.15153  187.101  246.438  93.4517   68.4768  13.7275   71.6201   206.628  271.864  221.335  208.702  264.657   220.826 ⎥
⎢  0.725666  0.620684  0.860939  0.289772  0.352674  0.975789  0.784163  0.887831  0.468258   0.47017  0.373095  0.720628  0.376476 0.213356  0.686409  0.883098   0.899772  0.699103   0.541429    0.90099  0.709516  0.606732  0.714778    0.25082  0.385812  0.814772   0.159464  0.928076  0.594998  0.546212  0.570729   0.547766  29.2823  1.12709   17.7982  4.34549  20.0457   1.29022  18.8782  24.1836  9.92043   7.22642  1.53239    7.7137   20.3917  27.1546  22.1064  20.7646  26.1098   22.4787 ⎥
⎢  0.851026 0.0616704  0.419358  0.698887  0.507125  0.629871  0.502782  0.405643  0.329622  0.188033   0.45723  0.944588  0.984803 0.214752 0.0855434  0.863996   0.630847  0.433065   0.423357   0.918008  0.119536  0.721807   0.51802   0.351635  0.956127   0.36706   0.479193  0.646222  0.214643  0.327511  0.410716   0.140037  4.62404  1.09905   2.58076  1.16639  3.20597   1.06735  2.74702  3.64006  1.33687   1.72059 0.650723  0.962477   2.93711  3.78618  2.88015  3.14367  3.97607   3.31125 ⎥
⎢ 0.0593277  0.440304  0.932685  0.335366   0.62876  0.844394   0.50264  0.555941  0.737207  0.898016  0.266388  0.837071  0.872608 0.991069   0.41612  0.545813    0.40225  0.905783   0.167876    0.77345  0.916368  0.426424  0.521697   0.246636  0.535989  0.148732    0.75042  0.815842  0.259152  0.574021  0.983065   0.577998  162.446  6.26508   96.4048   20.632  110.581   5.34251  102.425  134.808  51.0393   37.0894  6.98676   39.4116   113.106  148.377  120.386  113.624  144.095   120.882 ⎥
⎢  0.435611  0.731585  0.128036  0.218104  0.736362  0.340432  0.949514  0.864134  0.775278  0.217929  0.743639  0.789165  0.744662 0.564085   0.16671  0.289024   0.841862  0.579778 0.00939643    0.97778 0.0852231  0.570326  0.043268   0.655967  0.447306  0.763587   0.631357  0.198504  0.921301  0.632578 0.0638528    0.15902  426.288  15.1701   252.513  53.7965  290.191   13.7402  268.724   353.57  134.262   97.2575  19.0918   102.154   296.856  389.875  318.321  299.404  379.147   317.753 ⎥
⎢  0.893004  0.255341  0.566006  0.503477 0.0925292  0.360566  0.439524  0.915014  0.656474  0.890315 0.0500571  0.183877 0.0458128 0.092299   0.78955  0.032385   0.498809  0.897585   0.595386   0.669274   0.37652  0.811543  0.141724   0.727804  0.169249  0.962697   0.100526  0.717944  0.767745  0.174589  0.284422   0.368594  496.979  17.9519   293.913  62.4517  338.788   15.3353  313.586  412.221  156.232   113.639  22.2069   119.067   346.467  454.937  370.494  349.056  442.828   369.964 ⎥
⎢  0.946754  0.957722 0.0391497  0.197244  0.199426  0.241821 0.0457227  0.902527  0.109351  0.149108  0.321129   0.16101  0.587131 0.478439  0.704353  0.380838    0.97091  0.296116   0.722753   0.740368  0.844659  0.918729  0.275961   0.409055  0.205575 0.0826972   0.149363 0.0764451  0.106535  0.518375 0.0642748  0.0178109  511.674  18.9312   303.086  64.4899  348.579   16.3935  322.521  423.969  161.392   117.178  22.7004   122.326   355.927  468.148  381.541  359.111  454.963   380.278 ⎥
⎢  0.648411  0.118066  0.509916 0.0671246  0.682334 0.0338611  0.528514   0.58777 0.0387207  0.450915  0.858763  0.369031  0.656796  0.80947  0.541059  0.528856    0.53095  0.295879   0.988145  0.0854169  0.569242  0.348954   0.78952   0.273355 0.0290514  0.155633   0.750388  0.506234  0.866516  0.765788  0.227247   0.278836  246.903  9.37583   145.504  30.9498  167.621   8.22933  155.595  204.666  78.1691   56.9558   11.574   59.5999   171.817  225.445  184.334  172.965  219.037   183.777 ⎥
⎢  0.415244  0.831916     0.294  0.972829  0.812681 0.0615451  0.641259  0.384663  0.161344  0.345639  0.719695  0.187322  0.860828 0.332104  0.466759  0.171667   0.383654  0.251137   0.776361    0.11835  0.279329  0.232689  0.115577   0.999751  0.674178  0.911866   0.357443  0.790199  0.209101   0.84213  0.387336    0.67703  15.1903 0.782009   9.24779  2.72356  9.98789  0.520562   9.8608  12.5489  5.06561   3.48782 0.749044   4.42757   10.7715  13.3176  11.4021  10.4936    13.72   11.6222 ⎥
⎢  0.953938  0.992247  0.323331  0.710612  0.868629  0.677633  0.312939  0.902213  0.257047  0.132599  0.673302  0.389636 0.0256025 0.980638  0.100044   0.52185   0.599103  0.427282   0.301402   0.830528   0.95466  0.393898  0.255312   0.389991  0.627671  0.536864   0.095342  0.116638  0.390971  0.953504 0.0302654    0.44111  8.82933  1.12156   5.76148  1.26471  5.84407  0.918068   5.8185  7.86626  3.60308   2.64174 0.678486   2.78054   5.92658  7.74589  6.51986  6.41733  7.68863   6.45405 ⎥
⎣  0.415965  0.345499   0.79578  0.945944 0.0836676  0.451946  0.451955  0.181044  0.604084  0.385947  0.330283   0.05756   0.70014 0.699395  0.252163  0.788715   0.213626  0.373205   0.805966   0.976883  0.770059   0.44952  0.989519   0.836968 0.0511409  0.211952   0.140551 0.0263386 0.0348462  0.821147  0.134233   0.290858  213.936   8.0268   126.708  27.3302  146.226   7.22334  135.632  177.939  67.6549   49.5083  9.26945    51.824   149.034  196.404  159.618    150.8  190.463   159.121 ⎦

⎡   0.990204  0.668774  0.121388 0.0889124  0.779796   0.86735  0.475419  0.46823    0.363679  0.932148 0.0168024  0.215454  0.939339  0.170015    0.92554   0.338262 0.426002   0.202307 0.0103314   0.191685 0.0782197 0.427761 590.914 55.3098 151.905 531.542 344.423 508.578 5.60444 289.974 130.867 ⎤
⎢  0.0919959  0.445284 0.0429149   0.56014  0.589744  0.663955  0.614298 0.753703   0.0362444  0.279878  0.444369  0.122182  0.514639  0.263529     0.7229   0.408176 0.962208   0.469432  0.056696   0.921074  0.757164 0.809521 594.095  55.664 151.999 533.924 345.815 510.095 5.70703   290.6 131.519 ⎥
⎢   0.253127  0.180333  0.453863 0.0885245 0.0645765 0.0280738  0.639626 0.340036    0.658938  0.853647  0.631699  0.988455  0.888141   0.88321   0.947102   0.975366 0.317902   0.824183  0.851173  0.0827627  0.737628 0.913146 594.403 55.8826 151.913 535.151 346.266 510.744 6.09543  291.42 131.652 ⎥
⎢   0.890763  0.850431  0.805237  0.360041  0.794072  0.392618  0.511074 0.715077     0.65915  0.416746  0.985481  0.358064  0.338704   0.49668  0.0264431   0.846807 0.383714   0.316242  0.583719 0.00764128   0.54709 0.497698 594.667 55.8947 152.511 535.003 346.469 511.079  5.5121 291.045 131.438 ⎥
⎢   0.576219  0.671865   0.79316  0.393312  0.396009  0.276736  0.798809 0.235027  0.00846127  0.277975  0.130819  0.679995  0.589509  0.720597   0.575607   0.460774 0.199876   0.186133  0.726279   0.662491  0.417928 0.333194 594.922 55.2668 152.675 535.332 346.171 510.829 6.26511  291.11 131.435 ⎥
⎢    0.85114  0.881064  0.849339  0.162137  0.286676  0.568236  0.822467  0.20697    0.416609  0.327125  0.999217 0.0918338  0.017032  0.406609   0.900639    0.77562 0.682496   0.113637  0.334318   0.959064  0.219652 0.812181 594.165 55.2105 152.603 535.084 345.839 511.549 5.93701 290.827 130.727 ⎥
⎢ 0.00905848  0.571246  0.293696  0.177592 0.0648633  0.699988  0.935586 0.801309    0.506515  0.526162   0.71842  0.988449  0.293807  0.328558   0.308821  0.0649816 0.702639   0.348041  0.963624   0.477176  0.941855 0.404115 592.766 55.7196 152.015 534.002 345.771 510.036  6.2917 290.155 130.922 ⎥
⎢   0.484553  0.897655  0.341065   0.19523 0.0895427  0.262748  0.884303 0.758784    0.646106  0.728338  0.224069  0.112279  0.180443  0.360683   0.019982   0.666922 0.842998   0.561898  0.895464    0.68971  0.307807 0.462366 594.238 55.5381 152.077 534.571 346.427 511.182 5.55815 290.909 130.916 ⎥
⎢   0.217859  0.160351  0.808004  0.955066 0.0451566 0.0313522  0.475062 0.402126 0.000422655  0.515258  0.584624  0.802765  0.103922  0.491241   0.807557  0.0582076 0.419394   0.521388  0.497179   0.878871  0.370038 0.560039  594.76 55.3525 152.723  535.13 346.387 511.268 6.09685 290.944 130.844 ⎥
⎢  0.0486488  0.822162  0.433336  0.368398  0.272365  0.182577  0.381873 0.306037    0.949665 0.0470463  0.759699  0.172108  0.281319   0.15635   0.650187   0.590812 0.161382   0.674476 0.0812618   0.305564  0.837164 0.274722 594.536  55.514  152.69 535.341 345.772 511.015 5.84329 290.851 131.691 ⎥
⎢   0.843566  0.104626   0.76794  0.959214  0.431389   0.76274  0.146274 0.754656    0.542997  0.329798  0.935273  0.812566   0.13758 0.0689294   0.447369   0.212051 0.187308  0.0983005  0.268815    0.55243 0.0748268  0.71839 594.332 55.5735 152.059  535.06 346.518 511.172 6.03681 291.241 131.152 ⎥
⎢    0.27249  0.487123 0.0655499  0.515469  0.603649 0.0175135 0.0538158 0.204559    0.607965  0.268834  0.129322  0.580074  0.334348  0.789509 0.00251999   0.176353 0.781016   0.844184    0.3134   0.578534  0.536631 0.470318 594.305 56.1856 152.472 534.573 346.167 511.296 5.89399 291.731 130.747 ⎥
⎢   0.196873  0.835543  0.570924  0.066697  0.950876  0.873037  0.356333 0.814815    0.231102  0.691494   0.68392  0.990409  0.228486  0.949629   0.151201   0.594892 0.330238   0.511678  0.846115  0.0889811  0.324746  0.60213 594.365  55.665 152.357 535.197 346.666 511.135 6.13529  291.02 131.488 ⎥
⎢   0.358322 0.0230401  0.820235  0.434183  0.487569  0.871963  0.650572 0.390473    0.427901  0.199157  0.746118 0.0414461  0.129078  0.559311   0.379706    0.82219 0.590956 0.00487202  0.413031   0.382723  0.546807 0.144312 594.123 55.5084 152.535 535.218 345.758 511.631 5.93152 290.918 131.018 ⎥
⎢   0.710682  0.301594  0.707888  0.356663 0.0775707  0.895635  0.635212 0.438644    0.649047  0.798368  0.530937  0.140808  0.673613  0.986396   0.910425 0.00462322 0.254524   0.653377    0.9683   0.861881  0.340048 0.237249 594.404 55.2693 152.842 535.244 346.437 511.244 5.64459  291.23 131.097 ⎥
⎢   0.805044 0.0677473  0.429943  0.290713  0.269136  0.579663  0.966744 0.694038    0.680932  0.483141  0.384899  0.182599 0.0288253 0.0613789   0.260425   0.433376 0.332427   0.409649  0.958898   0.937873  0.357188 0.526224 594.369 55.7718 151.972 535.107 346.373 511.021 6.33512 291.196 130.804 ⎥
⎢   0.460797   0.80154  0.879403  0.956337  0.753412  0.183262  0.230359 0.336993    0.702894  0.692765  0.499071  0.123365  0.154846  0.204378   0.963422   0.350627 0.425724   0.102605  0.497105   0.499468  0.195917 0.820616  594.21 55.7614 151.994 535.298 345.902 511.233 5.76188 291.168 131.625 ⎥
⎢    0.84785  0.951465   0.15082   0.83761  0.379945  0.752428  0.496099 0.616772    0.704295  0.959332  0.794356  0.213978  0.172999  0.288868   0.205559   0.437641 0.463853   0.511648  0.477957   0.679458  0.997853 0.867764 594.533 56.0668 152.804 535.011 346.538 510.796 6.03946 291.516 131.545 ⎥
⎢    0.94642  0.973201  0.475626  0.419293  0.426654  0.562082  0.195231 0.567278    0.154953  0.542646  0.978964  0.708027  0.151781  0.633012   0.434557   0.207964 0.264237    0.93458   0.87409   0.793905  0.324917 0.480667 594.898 56.0582 152.742 534.598 346.352 510.836 5.77873 290.861 131.246 ⎥
⎣   0.789562 0.0550578 0.0572083  0.595011  0.991537  0.863272   0.28369 0.590856    0.264545  0.897294 0.0133898 0.0172506  0.922981  0.828353    0.14403   0.872554 0.643328   0.409588   0.65044   0.402036  0.211798 0.164151 594.896 56.0682 152.749 535.433 346.592 510.693 5.67577 291.411 131.309 ⎦

⎡  0.783217 0.907121 0.0845411 0.930673  0.353507  0.221683 0.361597 0.912306    0.861407  0.840396 0.0152039  0.404934   0.124751 470.523 270.766 438.571 235.042 57.4082  96.514 417.609 48.1665 ⎤
⎢  0.450302 0.190412  0.497168 0.478806  0.447968 0.0735117  0.45378 0.926122 0.000492072 0.0186458  0.537248 0.0928842    0.38652 470.025 270.297 438.478 234.786 58.1306 96.1803 417.912 47.6131 ⎥
⎢  0.729313 0.782447  0.956643 0.689946  0.175984   0.77457 0.167713 0.371365    0.758179  0.767098  0.398002  0.750357 0.00471395 469.906 270.184 437.897 234.482 58.1108 96.4276 417.109 48.1034 ⎥
⎢  0.390517  0.87879  0.648926 0.428855  0.525522  0.505136 0.854217 0.190616   0.0380372  0.858413  0.755387 0.0569168    0.30993 470.266 271.105 438.317 234.792 57.8309 95.9992 417.264  48.278 ⎥
⎢ 0.0952964 0.904139  0.320405 0.456843  0.488975 0.0450193 0.867795 0.654069    0.986056  0.643558   0.67343  0.815979   0.872623 470.214 271.023 438.341 235.031 57.3142 95.6145 417.657 48.4356 ⎥
⎢  0.159215 0.373889   0.37029 0.774062  0.367391  0.893401 0.551218 0.625949    0.771014  0.265268  0.858742  0.966456   0.903534 470.859 270.846 437.632 234.823 57.5832 95.6935 417.426  47.811 ⎥
⎢  0.695011 0.141127  0.366439 0.861114  0.966291  0.706821 0.897327 0.100789    0.336356  0.694745   0.59495   0.52308  0.0915521 469.919 270.429 438.378 234.543 57.6814  96.258 417.731 47.7749 ⎥
⎢ 0.0793272 0.951613 0.0273712 0.177947  0.943731   0.93535 0.759845 0.291576    0.587353  0.248128  0.149979  0.184915   0.681789 470.724 270.646 438.143  235.15 57.4976  95.951 417.258 47.7538 ⎥
⎢  0.580121 0.563366  0.652929 0.657355 0.0460569  0.354237 0.439287 0.148471    0.680373  0.403519  0.352252 0.0701474   0.755628 470.819 270.959 437.926 234.637 57.8931 95.6719 417.563 47.7308 ⎥
⎣ 0.0344474 0.143958 0.0318649 0.201568  0.582132  0.281513 0.470842 0.371684    0.363736 0.0654476  0.459519  0.851521   0.420449 470.896 270.766 438.184 234.941 57.8933 96.0387 417.891 47.9818 ⎦

